{"sol_ID": "SID20052", "journeyDistance": 10.038573824779361, "distanceMatrix": [[0.0, 0.5957904303342104, 0.38141883499750756, 0.43514601099561284, 0.29608634324342564, 0.5546748985449306, 0.20037729330302712, 0.08918170798482972, 0.9239418355338146, 0.7689824622047491, 0.7788433055113637, 0.5304361295938903, 0.9165835591187395, 0.6247407124463209, 0.4595310875730203, 0.8766821067551601, 0.23781836686087354, 0.3650773210341715, 0.500870442231091, 0.4266774021901111, 0.3963939745932625, 0.21971605744775888, 0.6510703433234336, 0.42539030120063315, 0.7799174608561142, 0.7136190961297163, 0.41655290331406497, 0.45239898278160745, 0.6366367572485078, 0.8669363497732756, 0.3718453165302831, 0.4691273761635195, 0.8780988714797222, 0.347034533170752, 0.08999476174377047, 0.7519882726861153, 0.3499076987549443, 0.28346919421309874, 0.6906919285500986, 0.7159192358147362, 0.8056159989390218, 0.7156998606129561, 0.24915251325319712, 0.5075117654310786, 0.3013095007588552, 0.679931553262545, 0.29606738797344473, 0.6679398360276481, 0.6958759750009921, 0.3706427317629855, 0.5631059668625849, 0.3445523920171925, 0.8902240691509089, 0.9076557037411994, 0.42438758053941034, 0.4345435644193824, 0.061608001739729246, 0.6127861460135494, 0.6029066190640278, 0.7481411976146828, 0.4973613736200869, 0.30428256004409415, 0.48742637030593156, 0.08598555004962957, 0.5826843665777239, 0.29666346666775756, 0.4365658571281815, 0.4891857098019349, 0.5858926884413815, 0.3655415624011024, 0.7476812684066482, 0.33959983218490825, 0.8148406288708624, 0.255668226242617, 0.2642976543829168, 0.21512676517370088, 0.5870541145589142, 0.07609945947612047, 0.7895283744044362, 0.5678454812806295, 0.290596865590275, 0.3513646522423305, 0.2432036464166107, 0.46788872592515335, 0.34133587456034575, 0.21267396106689526, 0.4985078253993036, 0.06002000984652764, 0.10059563565484961, 0.8666823818599905, 0.7423636047386134, 0.780420880764768, 0.33076998543835257, 0.9025361484318837, 0.3300563550747361, 0.7659775397182284, 0.12233185255779944, 0.6022231192094057, 0.3472769197596916, 0.7801022453466023], [0.5957904303342104, 0.0, 0.9322304295223577, 0.8195321862179274, 0.5507043505999034, 0.49252414590282007, 0.40022948219398224, 0.6849316465862293, 0.9530506786600519, 0.6201267998693254, 0.20148744755780537, 0.21889027157358537, 0.4274553473236477, 0.37296593732818384, 0.5497499369262169, 0.36700159256827547, 0.3957521294503205, 0.9358869190539314, 0.8699093776977427, 0.3251497545576158, 0.2272605360315216, 0.39579128961958165, 0.10698245496673739, 0.9302282066339964, 0.18762830809064912, 0.1430110484549666, 0.5636562164690173, 0.3861394779925648, 0.7530319325762623, 0.33190262436748813, 0.4181407053847327, 0.1862344318833946, 0.3702552120380846, 0.2701849436382152, 0.6354000648747099, 0.5683348531925625, 0.3590884281004144, 0.4045765953415325, 0.5633757550571744, 0.344442826847815, 0.4853477327446836, 0.26737702884755543, 0.7462949519296123, 0.12415471283812386, 0.48424135128428664, 0.3090718399304241, 0.4171705527687373, 0.7255822848899518, 0.6771891837065165, 0.932065226738855, 0.5482699997113506, 0.5642878193603434, 0.4622732427152586, 0.9200908632978425, 0.17178081729087943, 0.1620202753338021, 0.6573794941595503, 0.04900205303890949, 0.3741198508209821, 0.376312115222237, 0.4827453548827065, 0.3643030394031858, 0.4453552257888743, 0.6817560513429696, 0.3217159429747567, 0.7787791817143871, 0.20977881388817518, 0.36680926507099826, 0.47585030750644863, 0.34435808044843086, 0.5487996013352943, 0.3210105486882987, 0.46710193119480825, 0.7622708578716443, 0.843542261884905, 0.8002303287014181, 0.8450547349591182, 0.5465160601732137, 0.6656736317994865, 0.3435166501172372, 0.44343844159928275, 0.5046791950121466, 0.7518184564539906, 0.13478048474884, 0.7679514249493945, 0.5372194506252517, 0.8054718454634427, 0.6007860966915732, 0.6963860634546095, 0.3768449918368624, 0.7091613139423998, 0.7337796130129806, 0.8806621294970399, 0.3836467320191234, 0.7917072320372782, 0.3022177467829585, 0.5778496842043213, 0.013986142925124038, 0.2623055727877242, 0.8447576215908562], [0.38141883499750756, 0.9322304295223577, 0.0, 0.28369808836103905, 0.6533694301077793, 0.9286289775118434, 0.5400517251897448, 0.31145035345670846, 0.870862897735067, 0.870265878117624, 1.089669129197172, 0.8036935397375163, 1.1652280678588085, 0.8298616498738095, 0.8205827383652297, 1.140759428798767, 0.6170532624682943, 0.05962011641852204, 0.3189721357833703, 0.6713026814360857, 0.7086895544288504, 0.5955934199385968, 1.0052055218822085, 0.10545593559165942, 1.103261145986784, 1.0263144054290698, 0.5100340059431617, 0.6576102095309077, 0.6134901298707517, 1.1455449939437747, 0.5776352008348657, 0.7697491869529466, 1.1410568472865752, 0.7145058101902908, 0.3087116473172269, 0.8781043775537356, 0.6025728430726885, 0.6648771059029475, 0.8057298454910073, 0.9454226271593803, 0.9889342749003946, 0.9777174109270202, 0.191954699466964, 0.8654044782693993, 0.6742992111694297, 0.9190609590611606, 0.6769456803099331, 0.6741317275774402, 0.7426013609303641, 0.029966466028489225, 0.9298957264213384, 0.4499657094754732, 1.1109953346500059, 0.8696866009013365, 0.7696555205751552, 0.7804165532858626, 0.33449786094029826, 0.9371375063086107, 0.8061058885949346, 0.9697032073546799, 0.6410890035226263, 0.6847522653007563, 0.8645741804051718, 0.3143345791786189, 0.8095469275629746, 0.1766729238527329, 0.8051002191725818, 0.8704557075260372, 0.7355259570987379, 0.7465153255470213, 0.8834570843003381, 0.7177278581471392, 1.0097270469091706, 0.17456054406023386, 0.13296251266768597, 0.18169416046587236, 0.4697353566094558, 0.45635255180451706, 0.8700296583454338, 0.9491786538458946, 0.6696631340949507, 0.7194683648683439, 0.18318880838048324, 0.7975844879681635, 0.23417705703675148, 0.40427624975048027, 0.3855499228051183, 0.41787472521899915, 0.30557098452515175, 1.1218504444592998, 0.7816841712138269, 0.8159969794216217, 0.05222450646278536, 1.1687111913047912, 0.18914538175429513, 1.0244628775508684, 0.3553155231378826, 0.941398659666213, 0.7111641289450905, 0.7405974426907104], [0.43514601099561284, 0.8195321862179274, 0.28369808836103905, 0.0, 0.7290347333062157, 0.96624921410968, 0.49139524620859804, 0.41931782036829646, 0.5890328005911389, 0.6073584382982365, 0.9381102534294385, 0.6425235767110639, 0.9596163880327746, 0.6183877638964322, 0.8874303637081322, 0.9469873921826436, 0.6158559234340268, 0.33665040455235834, 0.06581873344837014, 0.5080834230148205, 0.5953960676832878, 0.5866231798748168, 0.9118262824235478, 0.19612570703634116, 0.9639703002794439, 0.8804732452848715, 0.28723001971019957, 0.4693366353706643, 0.33154692644252226, 0.9625767874032222, 0.4081121680522804, 0.6363854635415019, 0.9464587598933005, 0.6703651802554063, 0.34627376215954514, 0.623831486138274, 0.46062673327727055, 0.6786471007308247, 0.5513301636030179, 0.7395339558853237, 0.7541941445022607, 0.7918519358103908, 0.20235130806114543, 0.788520668647384, 0.723574643625893, 0.7214419291730991, 0.6979396713076439, 0.39478146046457685, 0.46934442101026186, 0.3092788604870548, 0.984216157142186, 0.25849098127492603, 0.8904838448217489, 0.586560833046572, 0.6842733561501411, 0.6945388481175835, 0.4258410714810974, 0.8100194829833305, 0.5958157619021017, 0.7572266483955183, 0.41805329793475043, 0.682439539926627, 0.8942180126852438, 0.42036357955778847, 0.6138704910079325, 0.1616904700899799, 0.7534147395939481, 0.874547282909603, 0.5028922758815912, 0.7429977912565225, 0.6327852620097081, 0.700614059360987, 0.7798260675266316, 0.2065438608509163, 0.3399676929563438, 0.35686819820575766, 0.19031453448425406, 0.503064601833901, 0.6007384386735007, 0.938948089858514, 0.7015328925021941, 0.776846135135636, 0.2152335781773325, 0.6900555757268437, 0.09554093735414339, 0.3057842670310507, 0.10196095914144819, 0.49308863627050603, 0.4218954899419958, 0.9226519725185407, 0.5052620141053557, 0.5378914999144585, 0.2677697712325303, 0.9751828936654449, 0.12502919683010982, 0.8329383173958098, 0.3328248911735473, 0.83139615351892, 0.6608571526259592, 0.4569758629207701], [0.29608634324342564, 0.5507043505999034, 0.6533694301077793, 0.7290347333062157, 0.0, 0.28266702764968005, 0.31804570851996933, 0.34356514120391274, 1.1687431569889324, 0.948282473153473, 0.752163663944123, 0.5990762582285775, 0.9571713830338895, 0.745836319173924, 0.1672994283223967, 0.9032754817408324, 0.19407076218082944, 0.6222370640728161, 0.7948521919294425, 0.5549473762525011, 0.4499869342183051, 0.2176648693399877, 0.5558508669824982, 0.7135674550738964, 0.7322676158068171, 0.6924240274802047, 0.6519013816464397, 0.6093070071085375, 0.8888004761668917, 0.876442700982278, 0.5514682339516517, 0.5167504466080656, 0.9058886531982339, 0.29261154524073274, 0.38607102771931584, 0.9169330551057507, 0.4962158704350229, 0.15179428039546472, 0.8700184185539658, 0.7998409324011828, 0.9211568187299839, 0.7640597555573712, 0.5447539684702773, 0.42933326350024104, 0.06668739667442075, 0.7591779708537694, 0.13479947165010128, 0.9060644399105566, 0.9129755087344119, 0.6359313637790498, 0.2769902425917625, 0.5911251688341768, 0.9626294553902475, 1.1472557939278942, 0.40410680722912345, 0.4093374778014195, 0.3240298090427739, 0.587872635521939, 0.7294430808399174, 0.8356506071147789, 0.688597854486672, 0.1906572727377446, 0.23050162151860937, 0.34094719501507975, 0.6910576115272269, 0.5923348278942792, 0.34171991851443095, 0.27038714636141176, 0.7571389831695632, 0.20911495680801703, 0.9064476988986989, 0.23090713973750915, 0.9193229973783712, 0.5502184256608172, 0.5227472789092303, 0.47228650848634945, 0.8685906463947766, 0.22604242496646537, 0.9793912258138742, 0.3556948839948137, 0.10831230209440652, 0.07507957836271996, 0.5379349261180406, 0.46688005709010827, 0.6364455645912694, 0.4635404593453323, 0.7845247233775927, 0.24310851437563893, 0.34828594146124586, 0.9047473255813889, 0.9587013446742031, 0.9953259875944855, 0.607118566084915, 0.9240772082656836, 0.6261083060358045, 0.8117049142772875, 0.4000603927966539, 0.5501955633145027, 0.3061180935579155, 1.0275872204642238], [0.5546748985449306, 0.49252414590282007, 0.9286289775118434, 0.96624921410968, 0.28266702764968005, 0.0, 0.4893212324875785, 0.6171938985165518, 1.3209754182135751, 1.0425809610671666, 0.6720415227780547, 0.6377806014565055, 0.9183558309718316, 0.8061805092249178, 0.13351605516225037, 0.856306959910927, 0.35271806644211434, 0.9012290686393895, 1.0309594992172668, 0.654243863719167, 0.5177349816226957, 0.3831597928790803, 0.4423909470991199, 0.9800231586621069, 0.6341783749780129, 0.6272988636336552, 0.8243070541016457, 0.7214971965088023, 1.0611053797967933, 0.815908758157462, 0.6921226993914514, 0.5576013315528833, 0.8597977048648887, 0.34862457694662224, 0.6412082003046843, 0.9998352495562904, 0.6232936331948615, 0.2880813123796337, 0.9705068815383254, 0.8190253666458471, 0.9568660947057211, 0.754748786012705, 0.8004622261483252, 0.3783352413410841, 0.2545337277320178, 0.7794312373565186, 0.26831021150616885, 1.062195860692189, 1.0470025502425548, 0.9131338358074083, 0.05761543939730729, 0.7795565898768485, 0.9536491092535697, 1.294118450082992, 0.4247437582296574, 0.42274014959420114, 0.5945640146001775, 0.5406306579716333, 0.7969106873582108, 0.853856626478412, 0.8183566809140587, 0.2910467627864343, 0.07355667872973794, 0.6142964846940182, 0.7479719003040525, 0.8471701349548819, 0.31978614661285304, 0.13176522115211312, 0.8611969007789606, 0.23909193682928387, 0.9843463420732897, 0.28904729677408847, 0.9447521593211743, 0.8087970037560299, 0.8004910531662204, 0.7495445240832339, 1.0786980892272036, 0.4787635994939486, 1.0818948918788756, 0.15973754590435982, 0.26644325483647413, 0.21065220906811066, 0.7962192450498081, 0.47959932160105234, 0.879700944715354, 0.6711273979255321, 1.004345288741171, 0.511168651182614, 0.6234467161129716, 0.8685972386690833, 1.0891206267104603, 1.1221536220351853, 0.8803741754552076, 0.8701815934440223, 0.877660333395275, 0.7934809763140365, 0.63469996717534, 0.4849215542266265, 0.3646104335397864, 1.1882397480212183], [0.20037729330302712, 0.40022948219398224, 0.5400517251897448, 0.49139524620859804, 0.31804570851996933, 0.4893212324875785, 0.0, 0.288177746574043, 0.8549075529945412, 0.634149517335271, 0.5788846313777276, 0.33606860923464044, 0.7215691414952512, 0.4515792937203011, 0.4390658559396557, 0.679172500536243, 0.14065876920289205, 0.5383883988307285, 0.5534493289749121, 0.251637925688755, 0.19643438529454732, 0.11001082343504978, 0.4657431685765953, 0.5540699396363684, 0.5816898695124492, 0.5136633349797542, 0.341976559590265, 0.29663970482555874, 0.5809409646481236, 0.6675605406360693, 0.2335881023538498, 0.2698543108541928, 0.6807610319119928, 0.18203581604821037, 0.23612116659028254, 0.6065060852381613, 0.18312096646692344, 0.2065491906445247, 0.5552999790659505, 0.5294839615591316, 0.6327316344591913, 0.5202363332065001, 0.3644364710031266, 0.32536387059755045, 0.2800859641532389, 0.4914504606547105, 0.22945792419683114, 0.5920963938258847, 0.5951689819414672, 0.5368638568673869, 0.517543479231601, 0.2909946890190599, 0.7024515244712471, 0.832030665349517, 0.23160421437919737, 0.24223355908950298, 0.2614316982722275, 0.4139935610845184, 0.43202354524631076, 0.5633792500766193, 0.37080204960248303, 0.19835359491293342, 0.415789086357007, 0.2851315892280689, 0.4027775525358462, 0.40430790161956187, 0.270280949246616, 0.38578376370701006, 0.4431794551519195, 0.25518845976709886, 0.597974716914048, 0.21011264725998874, 0.637318087066627, 0.3783821729312482, 0.44393595338181396, 0.40002371646014395, 0.5895897977022782, 0.1713652840671457, 0.6632961000448926, 0.4475725701869313, 0.24305419379833218, 0.3328838890708311, 0.3666976304073842, 0.2692175772690056, 0.41526615345781004, 0.1865426735785241, 0.5177930467743739, 0.22097342557244426, 0.29989902188798084, 0.6708439143279397, 0.6407699390643213, 0.6773095910972912, 0.4878771751409605, 0.7045374436846392, 0.42604190417298204, 0.5705868756535772, 0.18633057982413564, 0.4077957933391877, 0.175236105762439, 0.7157352390299395], [0.08918170798482972, 0.6849316465862293, 0.31145035345670846, 0.41931782036829646, 0.34356514120391274, 0.6171938985165518, 0.288177746574043, 0.0, 0.9494374852010206, 0.8245168593547325, 0.8670528952434684, 0.6133772572625199, 0.998777424866781, 0.6977475783933581, 0.5108085850807362, 0.9606434496798144, 0.321318230084279, 0.2868561455408932, 0.4831724309811699, 0.5032204194086829, 0.48317594770655964, 0.305852708585108, 0.7397348153788016, 0.37116850450384, 0.8688085222220098, 0.8018290700568766, 0.45916242745007824, 0.5218687366515776, 0.6622830879166253, 0.9525129135062037, 0.4385960743508617, 0.555143632599884, 0.9619309199190378, 0.4347979133294818, 0.09740810467039862, 0.8121536153454525, 0.4259268259540617, 0.3604419635135776, 0.7475932116784774, 0.7940745513521063, 0.8770121208162006, 0.7985858957903457, 0.21870520700201207, 0.5960859530233622, 0.3629758279102757, 0.7592494115283387, 0.36999836117511514, 0.7011226720289658, 0.7386331257877631, 0.2964779019513226, 0.6191256445326218, 0.38478594296638735, 0.9683583258148791, 0.9362267465610644, 0.5135658488620413, 0.523725215986832, 0.027910850049809054, 0.7015107981972167, 0.6752316143684264, 0.8253360328189164, 0.5552740359816204, 0.38537405005849396, 0.5536944008477429, 0.003297852938670854, 0.6588843077640242, 0.26454272958966024, 0.5236855851888726, 0.5637082254974919, 0.6475498337435326, 0.4450181003034987, 0.8096512840988674, 0.4231386688092113, 0.8882913507753144, 0.21914015205989662, 0.18514206127176336, 0.13420696022443893, 0.5890940161466115, 0.1528118397757074, 0.8412117384645031, 0.644930311455536, 0.36043732810714096, 0.40815750939080914, 0.20808002520385224, 0.55659382518281, 0.3238627398879595, 0.2622562828968429, 0.49681055376918604, 0.10745266304502633, 0.011823057429031619, 0.9494934071921197, 0.7845798898158612, 0.8226077842703836, 0.26388590694646286, 0.9868451949158626, 0.3013117870905357, 0.8486996289805464, 0.1662060781545967, 0.6913996203825111, 0.4356345472689984, 0.8059602242004269], [0.9239418355338146, 0.9530506786600519, 0.870862897735067, 0.5890328005911389, 1.1687431569889324, 1.3209754182135751, 0.8549075529945412, 0.9494374852010206, 0.0, 0.356790166702836, 0.9486037760417293, 0.7360559306934266, 0.808740120457054, 0.5854979301868645, 1.2918976782271965, 0.8374922855314193, 0.9935325392045907, 0.9254041854070585, 0.5539535082823246, 0.6720222622287102, 0.8117246432169036, 0.9637748949608742, 1.0595640988017212, 0.7740621857750938, 0.9979915178664566, 0.9211890713860326, 0.5172583191300604, 0.6028319828960114, 0.2876649703600839, 0.8814209676988332, 0.6304865589964387, 0.7947195315945675, 0.8345425741641549, 0.9726186011156653, 0.8549447937055272, 0.41238383704816023, 0.6979275916469391, 1.057657579694495, 0.3934076641705524, 0.6631895009933527, 0.5649658506616086, 0.7559678755235879, 0.7643708813463594, 1.0007109503738578, 1.1349887234161982, 0.6793106354386657, 1.0811850859048981, 0.2628717273485037, 0.2789313237598814, 0.8975439098098997, 1.3591580626293347, 0.5827929110817112, 0.7072691431148813, 0.03672367646966535, 0.9148706237445166, 0.9206299592102971, 0.9441194890542427, 0.9156238846371881, 0.5804250002385904, 0.6511545472177718, 0.503240662949713, 1.0398903450671955, 1.2493484305382752, 0.9491439031604111, 0.6320294863194369, 0.7370655296512085, 1.0188542750261707, 1.1971552444927285, 0.47916727648315555, 1.0833539657595048, 0.43429974144307826, 1.0330463341701976, 0.5996673573189878, 0.7751787206033859, 0.9222395558265627, 0.9291412704601297, 0.4012520023105065, 0.9653056710652236, 0.3102412322146011, 1.2277532786307115, 1.0971729338866647, 1.1876364400924377, 0.7796252725277188, 0.8778277487484223, 0.6630300690690405, 0.7157022346322361, 0.4875249696553831, 0.9823036472828494, 0.9563159372366766, 0.8028987559716476, 0.24389818934258217, 0.2215345386980439, 0.8566480345246992, 0.8589702171607384, 0.7052954525742376, 0.7654434997247458, 0.8016598390688643, 0.9669699699115898, 0.9568870950362601, 0.14388158031506396], [0.7689824622047491, 0.6201267998693254, 0.870265878117624, 0.6073584382982365, 0.948282473153473, 1.0425809610671666, 0.634149517335271, 0.8245168593547325, 0.356790166702836, 0.0, 0.5936849645277309, 0.41445032560483425, 0.46097406923997936, 0.2476933115833482, 1.0406279939930496, 0.48374657135606525, 0.756598439571642, 0.911052051513179, 0.6105729893499625, 0.3969939310926634, 0.5260677079969366, 0.73088017349151, 0.72389634171565, 0.8000490963763112, 0.6443211435486508, 0.570419820205058, 0.3739481675931743, 0.33897556445305715, 0.3093824969469191, 0.5257895700018699, 0.4043038879420413, 0.4877241931629392, 0.48102285462859995, 0.7003529754229075, 0.7283074715806421, 0.055813742383656335, 0.4523105461039321, 0.8133070446685204, 0.0791110646754173, 0.30772467925851965, 0.21360431567780142, 0.40133079730777416, 0.705060456861994, 0.6884877767000117, 0.9005411554059424, 0.32741767793096105, 0.8364823852614838, 0.2417213461839666, 0.1523748734256048, 0.8893592159063712, 1.0882561256137937, 0.4468077013529038, 0.3629794129798501, 0.32055625467974425, 0.6189385310735797, 0.6221374332082901, 0.809411320960277, 0.578057547014493, 0.25043394317751305, 0.2943841953678395, 0.27173660316569626, 0.786243109111152, 0.9756738083615928, 0.8230259582923474, 0.3026874192972228, 0.6993950415218574, 0.7251528187675306, 0.9123139084790535, 0.19120515464767435, 0.8164178108590001, 0.07770360945587819, 0.7677002632195269, 0.24849174052054535, 0.7210920638152603, 0.8690688698170984, 0.8559437008108112, 0.4840496959586891, 0.784478255629295, 0.04735869278376281, 0.9269781548483889, 0.8575854919030658, 0.9479631551216049, 0.7196570507488449, 0.5699114761732139, 0.6360888223274382, 0.5623675227751547, 0.5212909173286182, 0.8183540887383433, 0.8344639620735969, 0.44959816115562284, 0.14334418726995743, 0.14323055776013252, 0.8368577116340276, 0.5066067174386993, 0.6812821860710269, 0.40872784606692125, 0.6586095895566514, 0.63363311938186, 0.6838204931664564, 0.29862778339233775], [0.7788433055113637, 0.20148744755780537, 1.089669129197172, 0.9381102534294385, 0.752163663944123, 0.6720415227780547, 0.5788846313777276, 0.8670528952434684, 0.9486037760417293, 0.5936849645277309, 0.0, 0.29565809151788225, 0.2594608263274812, 0.37531130781593275, 0.7434897709658139, 0.1950895295699132, 0.593669695018737, 1.100410954793748, 0.9798522670928886, 0.4309662487480497, 0.3865540404077754, 0.5909021970217612, 0.23087874127792476, 1.0736585135420507, 0.055136705030759535, 0.0652262827873625, 0.6589497747866798, 0.47154988710324286, 0.8018421053363077, 0.14707679187652534, 0.5311639813154688, 0.32031413762673755, 0.1990851192504271, 0.46944131553356255, 0.8071252448776949, 0.5379070334372995, 0.4899705549687802, 0.6057572767745015, 0.5589892550650878, 0.2859630393127489, 0.40741474675594763, 0.19263785259158095, 0.8988602835780185, 0.32400643792765016, 0.6856642780362899, 0.27064640418066954, 0.6186336816090717, 0.7589419741661797, 0.6915723434651715, 1.0931641192994306, 0.7293324522308126, 0.6801514312519948, 0.3264821214415575, 0.9129373817720978, 0.3642849998824824, 0.35585323129855645, 0.840179378345002, 0.16928061908791076, 0.38850699428103297, 0.30306371932999826, 0.547858083800744, 0.5654732657536224, 0.6337003010192813, 0.863996587863619, 0.34739909566620775, 0.9253078709467818, 0.410867867077383, 0.5543628019300758, 0.5048085719382801, 0.5452423268292637, 0.5161004380182626, 0.5224146227876509, 0.37845751112839404, 0.9158210812417266, 1.0136220254524522, 0.9737481918519655, 0.9258938820208454, 0.7365573728240282, 0.6410032616522815, 0.5145191573488965, 0.6449177142141013, 0.7049107986893282, 0.9065898452652135, 0.31204329188819663, 0.9020979602490166, 0.6858365160075576, 0.9046376708563464, 0.790447847705052, 0.8787608494185641, 0.21762178230486973, 0.7125459486769739, 0.7281575152082814, 1.0395641571674545, 0.20271452508585222, 0.9322691172120507, 0.19160960436029403, 0.7430040338453159, 0.20238408408923603, 0.4601984830103237, 0.8640441063074222], [0.5304361295938903, 0.21889027157358537, 0.8036935397375163, 0.6425235767110639, 0.5990762582285775, 0.6377806014565055, 0.33606860923464044, 0.6133772572625199, 0.7360559306934266, 0.41445032560483425, 0.29565809151788225, 0.0, 0.3862218983589511, 0.16962861168375085, 0.6555619672510143, 0.34763249925609635, 0.4085275926163537, 0.8196021494976902, 0.6852683715402039, 0.13574212013569895, 0.15041052452340664, 0.39223737044310103, 0.3258625135023989, 0.7810851528685685, 0.3232100459751718, 0.23870518531003698, 0.36618897218168445, 0.17941908963615708, 0.5367000273725118, 0.34417733686806923, 0.235722306172729, 0.08387868146407054, 0.34878900510108746, 0.3150226134157301, 0.5393623119533796, 0.3668354547786532, 0.20138428931620744, 0.4492647371468854, 0.3508316270311464, 0.2009826214618306, 0.32625641222162755, 0.18529740307669776, 0.6117845236637437, 0.27409930377511177, 0.5398327008273625, 0.16061868745095453, 0.4698499515995614, 0.5069811743446901, 0.4589661751404129, 0.8096967242364884, 0.687190672924988, 0.38449505997325384, 0.36919479493222845, 0.7037303012422963, 0.21485693227078534, 0.21555344282636912, 0.5887311179429273, 0.18808633743464467, 0.16401782759683944, 0.23666975654845016, 0.26826274491537233, 0.4140816120925027, 0.5752176438808682, 0.6106452622682341, 0.11217525555607122, 0.6348390970087592, 0.31801423292299164, 0.5061005514652772, 0.2574912931277319, 0.427813446267448, 0.34963034739357995, 0.38412247834275265, 0.32113368430453626, 0.6291337643561566, 0.7392852219247806, 0.7041370807903078, 0.6408374740892386, 0.5071383586232485, 0.4578217546124719, 0.5137077080048705, 0.49482804702497835, 0.5783052934317671, 0.6207856431091403, 0.15843771262356823, 0.6077771002183492, 0.40017026283732726, 0.6122771242040617, 0.5569295407389458, 0.6251734899639022, 0.3362813362903421, 0.49229050509554995, 0.5185403913467408, 0.7550263151604312, 0.3742760996444038, 0.6394871997293239, 0.23554469799856687, 0.4696323023192615, 0.23287448843238484, 0.2992361050728949, 0.6258821683324786], [0.9165835591187395, 0.4274553473236477, 1.1652280678588085, 0.9596163880327746, 0.9571713830338895, 0.9183558309718316, 0.7215691414952512, 0.998777424866781, 0.808740120457054, 0.46097406923997936, 0.2594608263274812, 0.3862218983589511, 0.0, 0.341413365829333, 0.9756647529353926, 0.06437702405417144, 0.7775976259884024, 1.1883632013844292, 0.9863283842895618, 0.5017284948976612, 0.5290161481996786, 0.7665102425773427, 0.4851403036522359, 1.1262348449412554, 0.3108439827666253, 0.2919898731053965, 0.6735374221727648, 0.5076241755478208, 0.7391985528893215, 0.11587986301772771, 0.5886229946144464, 0.45497422509201585, 0.06041474383710212, 0.6646204444871793, 0.9213772417701626, 0.4100301748908027, 0.577481371045828, 0.8056156743890701, 0.46101869275206203, 0.2211438999914432, 0.2474116431246822, 0.2013336437227382, 0.9749655539607202, 0.5490374743102008, 0.8928791196948607, 0.2464020033851974, 0.8226853239794795, 0.6807235376697008, 0.5969273847343101, 1.1751110184921343, 0.9747283032072274, 0.7197399210120171, 0.10249427395437445, 0.7720203619297243, 0.5530848960787607, 0.5479204464217244, 0.974512249825893, 0.38125022745357046, 0.36437043244426887, 0.2028573123998538, 0.5415656841895782, 0.7665282846560315, 0.8728103451036244, 0.9961052192932178, 0.3556842198258579, 0.9901489111660112, 0.6286489922203025, 0.7941966161272835, 0.46209749865937416, 0.7607826034474241, 0.3898073240637209, 0.7279148507871377, 0.21262160311018863, 0.9926144459059447, 1.1152126547972885, 1.0835485159760683, 0.8953903475432574, 0.8919365432083006, 0.503607296979139, 0.764584055441497, 0.8490625439178584, 0.9213303531338113, 0.9859098763210802, 0.49060045187155515, 0.9490213612283512, 0.7712824173789905, 0.9007384355726755, 0.9425386142641575, 1.0105418794648326, 0.052427785490672695, 0.6014796107367099, 0.6041234761064438, 1.119670658245139, 0.0644149190417431, 0.9872720124636818, 0.1509891600671515, 0.8498138754438732, 0.4339381964767416, 0.6515902515627473, 0.7585821260040422], [0.6247407124463209, 0.37296593732818384, 0.8298616498738095, 0.6183877638964322, 0.745836319173924, 0.8061805092249178, 0.4515792937203011, 0.6977475783933581, 0.5854979301868645, 0.2476933115833482, 0.37531130781593275, 0.16962861168375085, 0.341413365829333, 0.0, 0.8174179074596076, 0.33096801980178653, 0.5518821036560142, 0.8569612638186279, 0.6469437169768691, 0.20057669031549322, 0.3003080767347215, 0.5306326534391536, 0.4777136632864622, 0.7861306780988094, 0.41983103009187367, 0.3389796982439911, 0.3321347097151794, 0.17826785391918148, 0.4290702200233619, 0.35376729451862576, 0.2629681847481276, 0.24872939986940182, 0.3300605302331553, 0.4744820813692004, 0.6105123276064067, 0.19791888649704165, 0.27540718705258715, 0.6007703296689721, 0.19235459385420767, 0.12137902594765354, 0.1816340192105639, 0.19067824433115677, 0.6422248181568773, 0.4430404026763778, 0.6909476461851838, 0.11089422713786641, 0.6227793696256525, 0.38371738183249915, 0.31803139445055895, 0.8416849049039599, 0.8546124842778529, 0.3809203825898341, 0.2813463292699935, 0.5513264838263622, 0.38172172577454616, 0.38344037767526734, 0.6766975841043457, 0.33222420395548, 0.023786408596384378, 0.14042184210622083, 0.20052579916963695, 0.5688004834283467, 0.7422472159470354, 0.6954981075509576, 0.05822909756270346, 0.6535762805002946, 0.48650647143524334, 0.6747029393775456, 0.13229680200032654, 0.5898257615405872, 0.1801433459945848, 0.5436039309717269, 0.1905437835805263, 0.6598227937260692, 0.7910211824012302, 0.764545673078329, 0.5671187924929058, 0.619130192773244, 0.2927856631693526, 0.6832316530670384, 0.646335677757929, 0.7335878717698663, 0.6541867623267633, 0.3277624279028717, 0.609031702424885, 0.44917239186507796, 0.563006264044017, 0.662903273189825, 0.7090734994840298, 0.30484666446196645, 0.34336766904768695, 0.364257455668992, 0.7862458920985225, 0.35890514506841853, 0.6484062897451052, 0.22161308642370403, 0.5371526124065731, 0.3865911904373751, 0.45812226831255537, 0.4904004843714084], [0.4595310875730203, 0.5497499369262169, 0.8205827383652297, 0.8874303637081322, 0.1672994283223967, 0.13351605516225037, 0.4390658559396557, 0.5108085850807362, 1.2918976782271965, 1.0406279939930496, 0.7434897709658139, 0.6555619672510143, 0.9756647529353926, 0.8174179074596076, 0.0, 0.9163899232112593, 0.2988307767815385, 0.7886540707193983, 0.9530838210581088, 0.644068793808645, 0.5179733122235861, 0.3291380224390343, 0.5223872447369089, 0.8803067755144288, 0.7125179292416557, 0.6914108111269056, 0.7810409463553786, 0.7066352327810761, 1.0200038321071818, 0.8812667653727005, 0.662810812003434, 0.5719403332887922, 0.9195474466416766, 0.3429884719899435, 0.5490377763827051, 1.0029292507334484, 0.5989954298911989, 0.2342424255707869, 0.9648643467456715, 0.8493795486818632, 0.9815124373271616, 0.7968460718620383, 0.7086716382326149, 0.4267145142487466, 0.1650351496999253, 0.8086608462293051, 0.2107157607733562, 1.029589274331007, 1.0255549765205312, 0.8028704599566666, 0.11199473525138241, 0.7273387691090898, 0.9983408330908492, 1.26770318226684, 0.4422624250462234, 0.4435453380916953, 0.49086947100181644, 0.5945839161849018, 0.8046685227190263, 0.88516536839757, 0.7965590883909112, 0.25531962429506116, 0.11812374231259726, 0.5081681073996663, 0.7597891108629847, 0.7561509478397753, 0.34930218570180144, 0.19334582329326644, 0.8525313318463369, 0.22787565478068078, 0.9896572875874233, 0.2740980509203403, 0.9739446436084139, 0.7149699923405902, 0.6896566652069027, 0.639342604373693, 1.016776854546683, 0.3862820974747548, 1.0763128907452, 0.2615716639890313, 0.19623008115290036, 0.11089409862677654, 0.7025689642404063, 0.503800962989385, 0.7966405469304472, 0.6071889593628477, 0.9363690469531935, 0.40908241416996727, 0.5155853673029672, 0.9241704018659955, 1.0698173994477946, 1.1048941838764077, 0.7744175678381413, 0.9333953068058017, 0.7890350331675001, 0.8401694051548096, 0.5551565545376053, 0.5450553621662537, 0.35941102827797616, 1.1540766032809913], [0.8766821067551601, 0.36700159256827547, 1.140759428798767, 0.9469873921826436, 0.9032754817408324, 0.856306959910927, 0.679172500536243, 0.9606434496798144, 0.8374922855314193, 0.48374657135606525, 0.1950895295699132, 0.34763249925609635, 0.06437702405417144, 0.33096801980178653, 0.9163899232112593, 0.0, 0.7271989073629603, 1.1610825537367548, 0.9775868130232833, 0.4713356329518621, 0.48414143615340727, 0.7177110456607166, 0.42135005869855285, 1.1070493290067054, 0.24673955885595708, 0.2291599775178376, 0.6597731791153812, 0.48545297873560145, 0.7461299529954385, 0.054196162784262335, 0.5631739776769116, 0.40997173014984767, 0.0041525072237194385, 0.6113139646124351, 0.8867014155145183, 0.43017550080807393, 0.5450000308587382, 0.7522079484024217, 0.47338493827665334, 0.21020907286270876, 0.27257474621004224, 0.1640330458656109, 0.9493669876368135, 0.48972726336381256, 0.8383460179514426, 0.2256871325562029, 0.7685269416573445, 0.6912016456564278, 0.6108563775733513, 1.1491820572904148, 0.9128973434163289, 0.7005039196146189, 0.14716618598438944, 0.8008282366116048, 0.499924601267077, 0.4941242580531913, 0.9356771361399627, 0.32192077991557433, 0.35240958861408506, 0.2021704459773973, 0.5307058854977778, 0.7127059953382986, 0.8120587450504474, 0.9578726240440864, 0.3346967602466925, 0.9672923492194675, 0.5710229894834157, 0.7331922553793616, 0.45884443545267223, 0.7041739006560082, 0.4089165081495748, 0.6730514127299879, 0.2380451507070859, 0.9669644586883619, 1.0844523287822483, 1.0507609330347538, 0.8953304030455919, 0.8480896638497493, 0.5285603705125012, 0.7017297921377068, 0.7949874635557577, 0.8650508065824476, 0.9596291499456939, 0.4383642971002954, 0.9301565317632822, 0.7419034989407551, 0.8939733104949332, 0.8996638579865135, 0.9724534797021717, 0.03486899101720494, 0.6201306816310463, 0.626538999775632, 1.0939253016685917, 0.02823773672783204, 0.966731378528138, 0.11631039506915353, 0.8163027416486736, 0.3728180393311419, 0.5988953511920995, 0.7773389672321164], [0.23781836686087354, 0.3957521294503205, 0.6170532624682943, 0.6158559234340268, 0.19407076218082944, 0.35271806644211434, 0.14065876920289205, 0.321318230084279, 0.9935325392045907, 0.756598439571642, 0.593669695018737, 0.4085275926163537, 0.7775976259884024, 0.5518821036560142, 0.2988307767815385, 0.7271989073629603, 0.0, 0.6028698658440645, 0.6799350737557228, 0.36152475227326775, 0.2583115925185747, 0.0308802137290141, 0.43019113413206805, 0.6503648437780374, 0.5832576845743936, 0.5303286645156445, 0.4824552836138406, 0.4180302570347446, 0.7214017841449327, 0.7056442129126078, 0.3663915270874874, 0.3279978847953019, 0.7294763608450626, 0.12607907642869062, 0.310745439328689, 0.7238704633251587, 0.306276924465084, 0.06609195773241162, 0.678851889128767, 0.6094816472084283, 0.7280173509632989, 0.5801673776302865, 0.4631795684170409, 0.28816148635001543, 0.14444401793818934, 0.5691316149458968, 0.08880202892049029, 0.7310023769299897, 0.7297984676183191, 0.6077605436786406, 0.37792271159434476, 0.43105459382930844, 0.7756002585533119, 0.9698443904067188, 0.23052308827103007, 0.23823049630035212, 0.2938864618379828, 0.42464836595968947, 0.5353778082803791, 0.6450721524013104, 0.502160285026808, 0.06885149994310506, 0.2796683676789386, 0.3180267936089669, 0.4974297974060259, 0.5078729305353645, 0.20733486852149427, 0.2613383125466476, 0.565831079846118, 0.13132737028202113, 0.7129719825608138, 0.10192066835320428, 0.7271693877992293, 0.4740945613663795, 0.5020742810763528, 0.4525510789175039, 0.726889170138992, 0.16891562901992185, 0.7890990315201355, 0.33431343392228974, 0.10380859414493748, 0.19485927805791045, 0.46161429083706673, 0.28942254851785715, 0.5323525994242363, 0.3184321417263879, 0.6516325706325709, 0.22033483239745164, 0.33122651374857903, 0.7253226041904371, 0.7747362872755152, 0.8105536096050687, 0.5655816164651356, 0.7498327088596608, 0.5351730252583784, 0.6291162375447138, 0.288481511060991, 0.3987918544451678, 0.13360089471015327, 0.8552918826962295], [0.3650773210341715, 0.9358869190539314, 0.05962011641852204, 0.33665040455235834, 0.6222370640728161, 0.9012290686393895, 0.5383883988307285, 0.2868561455408932, 0.9254041854070585, 0.911052051513179, 1.100410954793748, 0.8196021494976902, 1.1883632013844292, 0.8569612638186279, 0.7886540707193983, 1.1610825537367548, 0.6028698658440645, 0.0, 0.3757273809201624, 0.6899017135426322, 0.7159168703018709, 0.5836624919147502, 1.0039121395932165, 0.1650355441657481, 1.1111266991645052, 1.0362961779345337, 0.5448957875093541, 0.681865471935661, 0.6633829336619601, 1.163216386082741, 0.5997551416163066, 0.7801286285519329, 1.1615811077702427, 0.7070518183153383, 0.302622599253517, 0.9161156456572439, 0.6183116581876048, 0.6463652655999046, 0.8442267873067679, 0.9700981496832093, 1.0207162980229492, 0.9973184824098588, 0.21480891147699868, 0.8622670644368796, 0.6481937422666109, 0.9419709493631471, 0.6566609074802413, 0.7222451152466912, 0.7877084171971334, 0.029732079568677, 0.8992163452227365, 0.4807032340638953, 1.138273312188547, 0.9231975711724508, 0.7698168954864469, 0.7804951211234196, 0.31231156998169224, 0.9438721490509392, 0.8331769058728044, 0.9958155239587092, 0.6733381348803045, 0.6691695877971008, 0.8394835879213307, 0.2899813465692245, 0.8331531253606872, 0.2117715413867083, 0.7975718161916131, 0.8504498586537464, 0.7688033126050408, 0.7299631168747102, 0.9203653277192733, 0.7045522908362543, 1.0400752878049824, 0.1972714861656557, 0.10173413486881432, 0.15267340097618237, 0.5248725135481817, 0.4374357895071102, 0.9130687541002932, 0.9311482857593224, 0.6472654722235948, 0.6908784639127071, 0.2028524038379177, 0.801973977996378, 0.27746856841513734, 0.41972356071114136, 0.4385641533660398, 0.3942908515413195, 0.27921122134352455, 1.1436269949836837, 0.827979530523612, 0.8630044519741301, 0.07421101230639011, 1.1888089149912144, 0.23178236973648453, 1.0450312287527352, 0.3586554868757377, 0.9443670766088791, 0.7050731825811064, 0.7932876019718073], [0.500870442231091, 0.8699093776977427, 0.3189721357833703, 0.06581873344837014, 0.7948521919294425, 1.0309594992172668, 0.5534493289749121, 0.4831724309811699, 0.5539535082823246, 0.6105729893499625, 0.9798522670928886, 0.6852683715402039, 0.9863283842895618, 0.6469437169768691, 0.9530838210581088, 0.9775868130232833, 0.6799350737557228, 0.3757273809201624, 0.0, 0.5528437392070891, 0.6482445524568644, 0.6504668991889686, 0.9645902714150315, 0.2201100429819067, 1.0081740796556082, 0.9239456839102353, 0.32199134324061607, 0.5085548838331911, 0.3171345663123016, 0.9962192354442799, 0.4540815094564551, 0.6851126523327598, 0.976809455390688, 0.7309689151336629, 0.4118485349755452, 0.6325968659531781, 0.5110314372933191, 0.7431412676622499, 0.5611745374743441, 0.7682880998957504, 0.7715197515051325, 0.826233084380022, 0.26500628296029455, 0.8445169614241538, 0.7891036075514553, 0.7531261537627079, 0.7626679862773674, 0.3844395789390335, 0.4656580177183041, 0.3468778463780952, 1.0494836224663977, 0.30570012773596067, 0.9124043201368437, 0.5551339158529611, 0.740104751802912, 0.7501971585945323, 0.4905330435732568, 0.8579022237765181, 0.6251867808604146, 0.7834713703295948, 0.44690420560949196, 0.7460905801847779, 0.9587404098165186, 0.484326764828108, 0.647764258394485, 0.22183332007440756, 0.8126280401944488, 0.9377556943441793, 0.5252445614459162, 0.8062713343166, 0.6435574935977352, 0.7632083233996668, 0.7989998866050054, 0.26752966158231034, 0.39223501160024365, 0.41375981988043603, 0.1535334785344726, 0.5688759428123594, 0.5988931754551967, 1.0009171476518999, 0.7666472755372623, 0.8424537428862683, 0.2770754845611203, 0.7425876546917357, 0.16036548838935125, 0.3670963538620101, 0.08949031410000975, 0.5586657961330037, 0.4853194407405274, 0.9517558644271663, 0.49724250045589896, 0.5271390829961343, 0.31208255278599106, 1.005639823793256, 0.18445639713068893, 0.8652305229841197, 0.39825500929695185, 0.8821257717075306, 0.7209564905424212, 0.42932600310307173], [0.4266774021901111, 0.3251497545576158, 0.6713026814360857, 0.5080834230148205, 0.5549473762525011, 0.654243863719167, 0.251637925688755, 0.5032204194086829, 0.6720222622287102, 0.3969939310926634, 0.4309662487480497, 0.13574212013569895, 0.5017284948976612, 0.20057669031549322, 0.644068793808645, 0.4713356329518621, 0.36152475227326775, 0.6899017135426322, 0.5528437392070891, 0.0, 0.13971031612761828, 0.33745479240539944, 0.427638901965406, 0.6457814488649838, 0.4559407664732032, 0.37242448163372555, 0.23898271183614234, 0.06949852967157827, 0.43794798746031616, 0.4742428578067448, 0.10022516354820044, 0.13989223897693667, 0.47192614482411305, 0.3068260060834621, 0.42098982262084694, 0.36241136970818966, 0.07729573705772702, 0.41654837278173823, 0.32079555416108296, 0.29104623390134016, 0.3821763172423642, 0.3074422287449597, 0.4794117290556489, 0.33638127242667476, 0.5045561671178794, 0.2574912332788253, 0.43962700910559144, 0.4219892556120837, 0.39460202106939984, 0.6785964671546013, 0.6966860702763581, 0.24963993530020379, 0.46520305036181053, 0.6432374268541141, 0.2436446141606926, 0.2501300104743803, 0.480788446491001, 0.3069148818481649, 0.18046930097002384, 0.3221332338241268, 0.1711728040381863, 0.38931365060662326, 0.5847175888290509, 0.5007808639932533, 0.15603057230541761, 0.5005606858960111, 0.34683687721368583, 0.5272254038887465, 0.20871209577023292, 0.4219487398155894, 0.35150910195134305, 0.3724449514753986, 0.38899412162203095, 0.49691409756610233, 0.6137794393219044, 0.581876456675133, 0.5199050248765641, 0.41856454052124553, 0.43228044897658474, 0.5558711626843555, 0.4611267826690542, 0.5511746480419667, 0.489120862228096, 0.2153027675523352, 0.472067790206148, 0.27057479093175496, 0.4832113458173974, 0.46282214055242277, 0.5147874371108635, 0.4550928116762991, 0.43549326590140125, 0.4679927248376748, 0.6235338990881264, 0.4989729251986217, 0.5041931152878696, 0.3