{"sol_ID": "SID65886", "journeyDistance": 8.190262000966053, "distanceMatrix": [[0.0, 0.44396271442216867, 0.318574925078281, 0.41562596451222894, 0.5824739314868028, 0.37845344954267335, 0.6496580891652884, 0.7538957917877465, 0.49890466936906314, 0.43678565639573247, 0.5891762465957671, 0.36445150815132565, 0.6818665023488455, 0.4669424463863052, 0.16620396664860138, 0.4505840359779128, 0.6731476581066119, 0.43690484281019326, 0.4665877012400745, 0.14493964758092417, 0.41991793310274333, 0.2153282810456921, 0.236258469603319, 0.524413379676366, 0.7481440632327132, 0.2829305284794712, 0.47047144098409516, 0.6878150565939434, 0.3757905092661225, 0.33052764365234405, 0.1082763481942148, 0.5773862316285958, 0.43134187335852975, 0.4076484360994552, 0.08202878687065047, 0.6220114328136922, 0.6279435580760279, 0.1712663517784402, 0.38179995618759877, 0.16818411894045854, 0.624507827070636, 0.42439579271920685, 0.43701114973030497, 0.11689597789622783, 0.5403743549738109, 0.45877348974393606, 0.601524186929953, 0.45844071634829847, 0.05799221814338824, 0.6193531664516874, 0.6133317143428667, 0.6119349155446527, 0.1455334646686217, 0.6883748110889263, 0.5750398141933816, 0.5171581044243455, 0.16871297645036132, 0.07684299093389205, 0.35009566405393533, 0.8026506901197813, 0.7492331043178674, 0.5764882155657486, 0.6992178395684879, 0.34402632725200577, 0.4579168059157394, 0.5274503983704615, 0.682437411388511, 0.60595341222361, 0.726363784424437, 0.7342188174148515, 0.21379111948088464, 0.5582887615226597, 0.4380940816734762, 0.3237253642102449, 0.3133811643451464, 0.35217210472612687, 0.34769536117875266, 0.6831107261254112, 0.25231935095665686, 0.15118672655919765, 0.1768794205615741, 0.6760542121333631, 0.5056336567549025, 0.7348312664408426, 0.582133858674487, 0.7453881101210476, 0.49162236533388615, 0.5446227650010539, 0.055401322216200415, 0.5464619845901534, 0.6119349155446527, 0.2628564490040857, 0.7007518108626409, 0.4505840359779128, 0.4031594012709297, 0.11099067860554218, 0.4812732767673764, 0.38489021837142273, 0.08740222994606096, 0.4752885919613016], [0.44396271442216867, 0.0, 0.7538988358640477, 0.29426513693389733, 0.9238228493254347, 0.31595013054660875, 0.7391304347826086, 0.8089345614560088, 0.18633016423403767, 0.14770525908497256, 0.6969805391234007, 0.7320043687263907, 0.7311130042922185, 0.292460372873929, 0.5662058853171213, 0.8250673075672039, 0.7829041140025373, 0.7373777885520018, 0.8790948513337373, 0.3629045809000996, 0.1982936102934902, 0.6365818868824863, 0.2095104741025599, 0.6861545844715754, 0.837577937870853, 0.6889776419712875, 0.15059424742503347, 1.0088964187349576, 0.13219574019566013, 0.6452528480981019, 0.47007174651771966, 0.9740575312087716, 0.18972226364655684, 0.810651131820478, 0.36246556696665455, 0.7289749494092465, 0.68554197821749, 0.4898166375045442, 0.7302427753801926, 0.5147574112637697, 0.3441805145788962, 0.28444376875676125, 0.8485171184007745, 0.44362960843683785, 0.3106505019838046, 0.5353153558954198, 0.7576688130657876, 0.8272117111441195, 0.48232510029455267, 0.6644370390872829, 0.9466792486603015, 0.6638277161964534, 0.495929287524975, 0.6949224977117744, 0.6522625492524982, 0.2813348958469744, 0.5274503983704615, 0.4019972509830359, 0.09918585750499505, 0.8036732159626686, 0.8177663027970602, 0.8736502850993146, 0.8272058900794609, 0.1171847865319211, 0.0447881621767087, 0.16871297645036135, 1.0193507744851114, 0.967484461189841, 0.7308831060766373, 0.759269422967861, 0.6374922880493639, 0.598212764371881, 0.787202986574424, 0.1505942474250334, 0.15624638204256153, 0.36445150815132565, 0.09638494983893678, 0.6669862397747048, 0.4947430731579018, 0.4473778650872118, 0.4216027038782621, 0.9943747631908891, 0.8534824096972113, 0.7246982379046212, 0.6521739130434783, 0.711609583493495, 0.1624145222913222, 0.9557048004569544, 0.4101439343532522, 0.19224312883213232, 0.6638277161964534, 0.6360754201401729, 0.8155009971157405, 0.8250673075672039, 0.2828131806708243, 0.3329720358166265, 0.7713903409954356, 0.7675744389971622, 0.45272442323654855, 0.580983284026154], [0.318574925078281, 0.7538988358640477, 0.0, 0.7205121007167121, 0.5585483562373242, 0.6782037373402109, 0.8348100850837991, 0.9425244370917922, 0.8169317208117163, 0.7552715941576268, 0.7751309967473131, 0.38378721949858097, 0.8839953660281952, 0.7741935483870968, 0.2961912693964085, 0.4171803303767386, 0.841960202331496, 0.512336764043942, 0.3452609048036971, 0.40130589196877947, 0.7363353294519172, 0.12310349097276545, 0.5515319783356107, 0.6913006028816034, 0.917567323422881, 0.11338133677038317, 0.7890073194686904, 0.6671013407635766, 0.6943010025349653, 0.2770066110810024, 0.2903791315821293, 0.4610579456033521, 0.7483570040535947, 0.33491406425860065, 0.3992666475931542, 0.801904174174113, 0.8344891473583097, 0.2981599401387398, 0.42133280024008246, 0.26759220957294944, 0.9360520284006264, 0.7311827956989247, 0.32973815114065747, 0.32016938645054366, 0.849531905230256, 0.691905405767795, 0.7537944333362201, 0.4318212051005838, 0.27232100755887245, 0.8337858754172875, 0.5927299947308226, 0.8242323122425019, 0.27657524810067335, 0.9108055368895283, 0.781126885139076, 0.8285988794800591, 0.25230936216726574, 0.3521721047261269, 0.6562302949652036, 1.0136226698673438, 0.93086732122801, 0.6099990358816295, 0.8518167450939509, 0.6607714332195134, 0.7615204947965641, 0.8460251312670001, 0.6420664500901914, 0.5461009873503357, 0.9447062187903047, 0.9414231254201698, 0.23671664615278903, 0.7863723949961067, 0.45075020176411856, 0.6419529568833806, 0.6315118874692054, 0.6389550057987967, 0.6579010024641045, 0.916521888937935, 0.3575869390218545, 0.3305276436523441, 0.3678895073479949, 0.6611412038742835, 0.4949708511013455, 0.9589954156054352, 0.7906163606733833, 0.9789035310919878, 0.8101195458877193, 0.40346553639565047, 0.3440263272520058, 0.8649679105952638, 0.8242323122425019, 0.3412317364113876, 0.8617244368093571, 0.4171803303767386, 0.7096774193548387, 0.42573648966680033, 0.551599478893301, 0.3665604023893623, 0.3036932795483, 0.6892577084395763], [0.41562596451222894, 0.29426513693389733, 0.7205121007167121, 0.0, 0.7033154064782811, 0.048192474919468355, 0.44617075355195823, 0.5149272216252637, 0.1654285891306825, 0.1536859818677841, 0.40731583229480556, 0.5510976150568953, 0.43690484281019326, 0.054851208019012394, 0.44935416531976025, 0.637390710798219, 0.4910178276574355, 0.5121714957609341, 0.7228871237920258, 0.43461920147344085, 0.09841526097181344, 0.629688919795576, 0.26020515913339265, 0.40913592263679743, 0.5435846211407497, 0.6984816404111298, 0.17167901262685692, 0.7709418288292575, 0.16862117497575962, 0.7240939989412061, 0.500423902573186, 0.7929873941608826, 0.11080264443240088, 0.6505984114128233, 0.3506078377797954, 0.4380940816734762, 0.3914520570012686, 0.5501492782580031, 0.5357101160712825, 0.5620356932440232, 0.2194048320760494, 0.01528946535822349, 0.6939555448904546, 0.48795371382582187, 0.13085072950995874, 0.25069654900427724, 0.4744063889956634, 0.6347973124117086, 0.47260118852781985, 0.37019039846703605, 0.7195853918110257, 0.3697216117681077, 0.5380983754278794, 0.40309345959037834, 0.3601432404124719, 0.1159844362867766, 0.5685027438714387, 0.42595902915134237, 0.2963649973654113, 0.5150370378805708, 0.5235089732503602, 0.6323321220616986, 0.5365019604713641, 0.2137275661773937, 0.33849709048802745, 0.21379111948088464, 0.789800739544724, 0.7573803613608753, 0.44010490236414135, 0.46666620065697656, 0.5274503983704615, 0.3043478260869566, 0.5851875861611828, 0.1896006865502953, 0.19530797755320187, 0.10794909687328007, 0.27214340023693273, 0.37769382777908517, 0.5991800874390791, 0.5109216371565527, 0.5068113349336719, 0.7557631708110879, 0.6432988278044031, 0.4360558979399261, 0.3593397446709306, 0.42745513235478744, 0.1795788702680166, 0.7916437667342504, 0.4186853558685421, 0.21655269638842956, 0.3697216117681077, 0.4780191854869646, 0.5235089732503602, 0.637390710798219, 0.015289465358223451, 0.3380087384584391, 0.5363341926618506, 0.5937328250506879, 0.4765617632280265, 0.29871879652135], [0.5824739314868028, 0.9238228493254347, 0.5585483562373242, 0.7033154064782811, 0.0, 0.6577899921079063, 0.4762295587881468, 0.5592454260499041, 0.8651127498023061, 0.8316970546984572, 0.4410923122992905, 0.21845242140509671, 0.541575539921744, 0.7494772315246376, 0.4165278172066871, 0.14493964758092426, 0.4517436903909746, 0.19135371001311596, 0.23001592567735263, 0.7270765710761308, 0.782816248814177, 0.600971947792346, 0.738109143462865, 0.3642678017684629, 0.5072431451779262, 0.6490932419528778, 0.8604388775344249, 0.11080264443240083, 0.8022349209703564, 0.8012959303897946, 0.6633921429109431, 0.17020062972429523, 0.7980598817852402, 0.22372064750637513, 0.6297022829350343, 0.4456579824773646, 0.516933258712636, 0.7174718836698764, 0.20290460992798964, 0.6963996911230433, 0.8938739617977195, 0.7186048718365046, 0.23436957306384218, 0.686132017922809, 0.8131164856693011, 0.49387388147778205, 0.3681676647259586, 0.13219574019566005, 0.5986957599416196, 0.5323555301242054, 0.034335802525371405, 0.5219372392116992, 0.6848670246660645, 0.6013037178915687, 0.48347580996699185, 0.8111435692965916, 0.686132017922809, 0.6593148393532358, 0.8586129259029337, 0.6560040355307738, 0.5380737376094884, 0.10752688172043012, 0.4313418733585298, 0.8067760931596344, 0.9561789369100047, 0.9118730674526089, 0.10016199129872434, 0.0654253647549794, 0.617607957491397, 0.5929939084990273, 0.3918948504883677, 0.5319138409052819, 0.14493964758092429, 0.7732469519945504, 0.7677698656858859, 0.5966503450499097, 0.844004687540923, 0.6289811467114972, 0.8046352630493605, 0.7181161927433486, 0.7519245358233296, 0.10300740757611415, 0.07684299093389205, 0.6403403088636284, 0.49376899981441796, 0.6754696064560985, 0.8743020559172564, 0.22198135721108433, 0.6378191433782887, 0.9182077592846206, 0.5219372392116992, 0.3197694659498437, 0.4521358248934739, 0.14493964758092426, 0.703646804930516, 0.6564010075161786, 0.17061586820569385, 0.20763841153592016, 0.6535906499493742, 0.4533686953359697], [0.37845344954267335, 0.31595013054660875, 0.6782037373402109, 0.048192474919468355, 0.6577899921079063, 0.0, 0.42445818362083987, 0.5008099564936216, 0.2079242636746143, 0.1854941443743668, 0.38104213025625694, 0.503036196249356, 0.42190593065403786, 0.10212037783457713, 0.4031594012709298, 0.5896361682987656, 0.4673913043478262, 0.46647397588205003, 0.6746946488725575, 0.41023709723820756, 0.1310967153782264, 0.5907313671470111, 0.24686302382138514, 0.37446575435009843, 0.5245018854112662, 0.6604543960374953, 0.20859016518836931, 0.7276746821845653, 0.18478260869565216, 0.6939555448904545, 0.4681208147013764, 0.7452198552339813, 0.14551825802793497, 0.6024059364933549, 0.31827729002654875, 0.4131834159749912, 0.3734554290388773, 0.5205432786502986, 0.4880080630100421, 0.530462150044248, 0.2661777650621027, 0.06287952453116948, 0.6457681303595647, 0.45782851173494965, 0.17745184337473516, 0.21977161311774526, 0.4432105777296037, 0.5872170750503266, 0.4360668778513788, 0.3537588411231483, 0.6747928881387659, 0.35195666543001536, 0.5063923072501618, 0.39511805969841446, 0.33712804369476335, 0.1640575737413009, 0.5360072664835516, 0.39516611263797324, 0.302976706111805, 0.5100917179644826, 0.5073457394984335, 0.5891762465957672, 0.5113220060559758, 0.2216052888648018, 0.3588567836775473, 0.25556370655239236, 0.7454643438405725, 0.7110821050837026, 0.4333110020422651, 0.45670093936684036, 0.48104297431325493, 0.2858629036881599, 0.5379574130837427, 0.1924451091857113, 0.1957215966153901, 0.061157861432894, 0.2792928318356179, 0.3735696263090746, 0.5746073526128826, 0.4827440787710803, 0.4817949249567101, 0.7125550239972347, 0.596742478419254, 0.43189508005183425, 0.33764208676383023, 0.4275822389617693, 0.2193961465712626, 0.7435129726078619, 0.38609248852638917, 0.2605351621293168, 0.35195666543001536, 0.4299620570561928, 0.5, 0.5896361682987656, 0.045868396074670435, 0.3089006136918638, 0.49190171638104024, 0.5456033921014667, 0.44407371473197, 0.2663520933460832], [0.6496580891652884, 0.7391304347826086, 0.8348100850837991, 0.44617075355195823, 0.4762295587881468, 0.42445818362083987, 0.0, 0.1079490968732802, 0.5967243825290011, 0.5993712998572336, 0.061157861432893965, 0.48014309342470424, 0.06542536475497937, 0.4626850906848103, 0.5518342610219923, 0.5128027747923374, 0.048506086009311826, 0.3549036867494703, 0.6350138110704217, 0.7520220501752645, 0.5444347552867413, 0.8039012953452166, 0.6430084417408404, 0.14457742475840507, 0.10300740757611425, 0.8740223932356289, 0.6133317143428666, 0.48014309342470424, 0.609075428979963, 0.9729321583083702, 0.7579344373595034, 0.6344086021505375, 0.5560138821415681, 0.5794775223601755, 0.6360331650530673, 0.034040125944859, 0.06320022885009838, 0.8208274894810658, 0.44252163728316757, 0.8165026121834489, 0.5433312146807115, 0.4576600059268926, 0.618508034457082, 0.7631778952532515, 0.49103585485512163, 0.21340509906417224, 0.10807487099476216, 0.5004415909398927, 0.6998045078842073, 0.0874022299460608, 0.47047144098409516, 0.08264265048428525, 0.7947195282276573, 0.13016813302159058, 0.08761881633469518, 0.5058635249272788, 0.8147620468962208, 0.7064211925820947, 0.7238891683751152, 0.1878952546330613, 0.09975748522315513, 0.3696089235690907, 0.09701217201862346, 0.6445413853632284, 0.7826825606932366, 0.6435039539459732, 0.5175031022135751, 0.541575539921744, 0.1414652642397356, 0.11877796134790143, 0.598491652850934, 0.14293145184407977, 0.44935416531976013, 0.6133317143428666, 0.6147439274711363, 0.38586649857668703, 0.7009505306775619, 0.16462462715926066, 0.8984166967447286, 0.7962313629100041, 0.8122748474618445, 0.46638463635524546, 0.4628763656752671, 0.164553624057037, 0.08695652173913038, 0.20103398804217362, 0.6163405239900797, 0.6688782629483652, 0.6881213937655494, 0.6375912781511931, 0.08264265048428525, 0.49387388147778205, 0.07906773149927733, 0.5128027747923374, 0.45664835333284826, 0.6451072641870855, 0.33615691318096236, 0.5175031022135751, 0.7364703082447088, 0.17957887026801655], [0.7538957917877465, 0.8089345614560088, 0.9425244370917922, 0.5149272216252637, 0.5592454260499041, 0.5008099564936216, 0.1079490968732802, 0.0, 0.6525283856401521, 0.6644370390872828, 0.16871297645036135, 0.5840837113699143, 0.07906773149927723, 0.5218499214618779, 0.6596268017544122, 0.6106621948014097, 0.10970241603802468, 0.4562339142274212, 0.7333393839270561, 0.851305834208328, 0.6110653848390982, 0.9115792840051488, 0.7317954055997716, 0.25151809812467796, 0.06287952453116953, 0.981828650761589, 0.6739988208246788, 0.5464619845901534, 0.6824374113885109, 1.0789976974946172, 0.8620960198743041, 0.723376007315517, 0.6210563448254411, 0.6808025188971808, 0.7363051360039018, 0.14063883392110962, 0.1310967153782264, 0.9247385171261958, 0.5459454898570114, 0.9213709265071288, 0.5744241391695448, 0.5245018854112661, 0.7184928597523098, 0.8662107855537181, 0.5365019604713639, 0.3055846629067132, 0.20103398804217362, 0.5975916013837717, 0.8050557398707342, 0.1477052590849724, 0.5488178183154125, 0.15118672655919754, 0.8992827019279378, 0.12384031627929817, 0.18033897068549765, 0.5560138821415682, 0.9200637027094105, 0.8083369310955397, 0.8036732159626685, 0.09918585750499498, 0.024096237459734226, 0.4517436903909746, 0.1308507295099587, 0.7223811647857605, 0.8533313062702834, 0.6969805391234007, 0.5871202943203656, 0.6236559139784947, 0.10223475067753476, 0.06320022885009835, 0.7063233393160445, 0.2163644139842925, 0.5484170376040063, 0.6929454223301434, 0.6955268418393225, 0.47039073065565346, 0.7800777479347502, 0.1613920920742213, 1.0008637261959947, 0.8988705365419852, 0.9134154281792348, 0.534009160966699, 0.5552385474563132, 0.12343151191069245, 0.17480445989212198, 0.16080382925275513, 0.6739988208246788, 0.7621255313550903, 0.7906030651656529, 0.6878150565939435, 0.15118672655919754, 0.6014465498906477, 0.1080748709947622, 0.6106621948014097, 0.5271405079010505, 0.7435765849083771, 0.43321267935129953, 0.6200062762068737, 0.8402474825930266, 0.27949524635105655], [0.49890466936906314, 0.18633016423403767, 0.8169317208117163, 0.1654285891306825, 0.8651127498023061, 0.2079242636746143, 0.5967243825290011, 0.6525283856401521, 0.0, 0.06542536475497936, 0.5639416631276192, 0.7016691296763208, 0.577690320432395, 0.13436448653012617, 0.5742015080945532, 0.7909806345315631, 0.6435039539459734, 0.6737612443292071, 0.8678034985560139, 0.4685842134146477, 0.08692384029468818, 0.711755383360408, 0.28146518756245326, 0.5728629389676355, 0.6889068268026941, 0.7744987024884318, 0.03889951822821501, 0.9354877332759225, 0.1308507295099587, 0.7658370603777312, 0.5595622296954862, 0.9460371137745841, 0.0722887123792026, 0.7959147952316509, 0.420620741026112, 0.5928035194470743, 0.5379009365372444, 0.5962722878865425, 0.6900798558404756, 0.6153080938882017, 0.1619236453099202, 0.15059424742503347, 0.8380023267602335, 0.5393895776535046, 0.12706599095207566, 0.4132132524214272, 0.6353299547603782, 0.7896663742611902, 0.5501079594740206, 0.5149272216252638, 0.882573634937619, 0.5163846507292225, 0.5929939084990273, 0.5327172261033383, 0.5137996269499896, 0.10016199129872437, 0.625169623549156, 0.4839930380403547, 0.24238845242744678, 0.6349121277517134, 0.6644370390872828, 0.7969392530198383, 0.6905218096073942, 0.18042306878342257, 0.2286259604919097, 0.04850608600931166, 0.9533619824575217, 0.9173679214934102, 0.566137158433554, 0.5979227797539344, 0.6519856363244573, 0.45387835319679437, 0.7421107787307961, 0.1840838323629793, 0.19476541772045478, 0.2687936500036951, 0.22198135721108433, 0.5010395021615828, 0.6238336683578485, 0.5536403461283956, 0.5379768509191657, 0.9203489596508255, 0.8026506901197813, 0.556948848513456, 0.5114313544284504, 0.5395106320282507, 0.024253043004655812, 0.9397061631427741, 0.4839930380403547, 0.05397454843664006, 0.5163846507292225, 0.6196265411818643, 0.6754820335771339, 0.7909806345315631, 0.16241452229132222, 0.39799791727169276, 0.6998045078842074, 0.7427120483724525, 0.5377442745032245, 0.461645465672937], [0.43678565639573247, 0.14770525908497256, 0.7552715941576268, 0.1536859818677841, 0.8316970546984572, 0.1854941443743668, 0.5993712998572336, 0.6644370390872828, 0.06542536475497936, 0.0, 0.5609823630690604, 0.6585502849546923, 0.5873503550895317, 0.14493964758092429, 0.5205432786502988, 0.7494772315246376, 0.6445413853632286, 0.6409614850023809, 0.8204741944764152, 0.4031594012709297, 0.05540132221620047, 0.648449225968573, 0.21614974198952436, 0.5597060123253633, 0.6957352710427066, 0.7104261865769586, 0.03404012594485907, 0.9075103615187057, 0.06542536475497936, 0.7004241524217814, 0.4947430731579017, 0.9034893538696737, 0.043478260869565244, 0.7491269118692966, 0.3574924741218727, 0.5917629198044034, 0.5435846211407497, 0.5309026798311854, 0.6497646023040651, 0.5501079594740206, 0.22198135721108436, 0.14171287527067178, 0.7903449808971863, 0.4742406915220487, 0.16904219238609355, 0.4030934595903783, 0.6270342704739218, 0.7491745307602411, 0.48691354430113687, 0.5217391304347827, 0.8510772411090404, 0.5218499214618781, 0.5278898316462688, 0.5486656676712528, 0.5136907827073952, 0.13861617578307625, 0.5600898375634571, 0.4193548387096774, 0.18394475367399749, 0.6563620172854312, 0.6742560873895268, 0.7696015399402615, 0.6901644155990914, 0.11598443628677653, 0.19244510918571134, 0.09199470864864187, 0.9227950787216976, 0.8813486582471984, 0.5841587335745491, 0.6133317143428667, 0.5975815319851301, 0.4570279854783267, 0.7036468049305159, 0.11877796134790139, 0.12948927009309694, 0.2425304300465583, 0.16192364530992018, 0.5199547645731764, 0.5587554537755747, 0.4882462714164456, 0.47260118852782, 0.8925419393079056, 0.7663428936424171, 0.5774606099872447, 0.5126769328848427, 0.5639416631276192, 0.05485120801901235, 0.8938739617977194, 0.41991793310274333, 0.10970241603802469, 0.5218499214618781, 0.5721202999817575, 0.6769941809760549, 0.7494772315246376, 0.14493964758092429, 0.3340414658439451, 0.6700271512190359, 0.6983241492504794, 0.4731182795698924, 0.4505840359779128], [0.5891762465957671, 0.6969805391234007, 0.7751309967473131, 0.40731583229480556, 0.4410923122992905, 0.38104213025625694, 0.061157861432893965, 0.16871297645036135, 0.5639416631276192, 0.5609823630690604, 0.0, 0.4257364896668002, 0.11236261533381764, 0.4296451693988724, 0.49091432538079455, 0.46440531788183154, 0.08957632435341756, 0.3041984165994192, 0.5856091087770114, 0.6936120914179784, 0.5056336567549023, 0.7428902215942456, 0.5903604874106227, 0.08872592168736754, 0.16010094802308408, 0.8131164856693008, 0.5774606099872446, 0.45782851173494976, 0.5656263613416483, 0.9118730674526087, 0.6974427695925106, 0.5929939084990273, 0.5180612049291269, 0.5274503983704615, 0.5772784440749996, 0.034335802525371405, 0.07604960414985477, 0.7604069882756106, 0.38885063247034485, 0.755763170811088, 0.5260847696815147, 0.4198455784894868, 0.5676330173615243, 0.7031087191915267, 0.46600777523423853, 0.16339766248734353, 0.08435648822518074, 0.4527886277195771, 0.6389712002153071, 0.09199470864864177, 0.4391716216508044, 0.08202878687065036, 0.7340815265550201, 0.16165616476393252, 0.05413817409710734, 0.47770771153736996, 0.7538957917877465, 0.6468482228455495, 0.676054212133363, 0.24197105253103787, 0.16080382925275521, 0.337087846001453, 0.1304347826086958, 0.5982127643718809, 0.7398340235135545, 0.6116508448134016, 0.4921727212239028, 0.5064260121589551, 0.1840838323629793, 0.17020062972429525, 0.5385941922849394, 0.11718478653192099, 0.4002181328636073, 0.5661371584335539, 0.5668515010826868, 0.3376420867638302, 0.6535906499493742, 0.18789525463306125, 0.8385267927883615, 0.7363051360039018, 0.7529712371251671, 0.44335535167796264, 0.4199179331027434, 0.2045900212718353, 0.061157861432893965, 0.2368087288589862, 0.582246108297213, 0.6237506284472718, 0.6283177013226836, 0.607731157356806, 0.08202878687065036, 0.4346192014734409, 0.12148383605044197, 0.46440531788183154, 0.4165278172066869, 0.587226670828001, 0.2903225806451613, 0.46450937467563985, 0.6761253026461778, 0.12384031627929819], [0.36445150815132565, 0.7320043687263907, 0.38378721949858097, 0.5510976150568953, 0.21845242140509671, 0.503036196249356, 0.48014309342470424, 0.5840837113699143, 0.7016691296763208, 0.6585502849546923, 0.4257364896668002, 0.0, 0.538094859435221, 0.6031035043227775, 0.19829361029349016, 0.09316508211701881, 0.47712022951638644, 0.13172416348286442, 0.17745184337473516, 0.5092791420595789, 0.6155174548638265, 0.399048905873478, 0.535323661980402, 0.33708784600145303, 0.5497126917583657, 0.45606137471044467, 0.6900798558404756, 0.32608695652173914, 0.6193531664516873, 0.5974375930427, 0.44565217391304346, 0.24494375548028077, 0.6306914091830561, 0.1080748709947621, 0.41552247089893585, 0.4461113992717331, 0.49592928752497517, 0.5010395021615828, 0.03889951822821507, 0.48127327676737647, 0.7615204947965641, 0.5659157207805255, 0.1520992082997095, 0.4678857901151337, 0.6746946488725575, 0.40021813286360736, 0.3855397993557472, 0.0970121720186235, 0.38058671038470415, 0.5022091174627137, 0.25023113376022027, 0.4916223653338862, 0.4685031633898419, 0.5801656450690452, 0.44737786508721195, 0.6659440716332531, 0.4718230200883263, 0.44124971577048194, 0.6581884397137878, 0.6671772652122212, 0.5688343720090812, 0.23379195579245574, 0.47901536240916087, 0.6152864145650616, 0.7604069882756107, 0.7453881101210476, 0.3181382225189571, 0.24393180186659055, 0.6080446817983582, 0.5958382142903731, 0.1791526487068348, 0.4736174577179724, 0.07684299093389206, 0.5833015782567229, 0.5764225275741272, 0.4439627144221687, 0.6460101337176017, 0.5962722878865426, 0.5885302738677947, 0.5001156069379611, 0.5335846750147878, 0.3154007357056156, 0.14171287527067178, 0.6266287550999651, 0.45797755328485545, 0.6542536475497935, 0.7066358807914088, 0.24096237459734193, 0.4198455784894869, 0.755643678112961, 0.4916223653338862, 0.10300740757611412, 0.4921136550834872, 0.09316508211701881, 0.5476416982952518, 0.44341795531079475, 0.1681841189404585, 0.04436296084368388, 0.43531413718818895, 0.3763440860215054], [0.6818665023488455, 0.7311130042922185, 0.8839953660281952, 0.43690484281019326, 0.541575539921744, 0.42190593065403786, 0.06542536475497937, 0.07906773149927723, 0.577690320432395, 0.5873503550895317, 0.11236261533381764, 0.538094859435221, 0.0, 0.44578187537891967, 0.595914507451365, 0.5749492637351664, 0.10175158764162101, 0.41562596451222905, 0.6967033124530883, 0.7753639749199481, 0.5335846750147878, 0.8465554705223323, 0.6530471832809779, 0.2010339880421736, 0.11338133677038316, 0.917567323422881, 0.5979227797539343, 0.5446420151177447, 0.6039832196617378, 1.0091047136427511, 0.789800739544724, 0.6990092469395225, 0.5439035771618973, 0.6394635390347968, 0.661062395785125, 0.0967741935483871, 0.05413817409710736, 0.8520910871279378, 0.501143039398628, 0.8498384823245781, 0.5082639638083025, 0.44681813172671075, 0.6793067620439399, 0.7927885087404104, 0.46455548396923385, 0.22862596049190967, 0.17341103581061404, 0.5629303751249066, 0.7342188174148512, 0.06867160505074262, 0.5358864530967496, 0.07275912901396735, 0.8273992183399514, 0.06914381202516828, 0.10702625750756453, 0.48259277891674346, 0.8491229957615085, 0.7340815265550201, 0.7246982379046211, 0.13016813302159064, 0.08695652173913049, 0.43502389912377715, 0.14536840640849144, 0.6435039539459733, 0.7754009803240959, 0.6229152346077604, 0.5824263686622768, 0.6069386253371492, 0.07604960414985477, 0.05799221814338832, 0.64727892158121, 0.13734321010148545, 0.5110718874233777, 0.6139510252781605, 0.6164881260974007, 0.39144319323078014, 0.7011339390910702, 0.10702625750756452, 0.9267961473439841, 0.8250673075672039, 0.8384857390531695, 0.5310258232564169, 0.5269938280202199, 0.09918585750499496, 0.09975748522315504, 0.13616050377943617, 0.5986957599416196, 0.7324743271230312, 0.7168182675198385, 0.6147439274711364, 0.07275912901396735, 0.5446385162871951, 0.12231572286578807, 0.5749492637351664, 0.4488834678249482, 0.667368870504482, 0.39918356897137713, 0.5767184909678893, 0.767574438997162, 0.20663187315930187], [0.4669424463863052, 0.292460372873929, 0.7741935483870968, 0.054851208019012394, 0.7494772315246376, 0.10212037783457713, 0.4626850906848103, 0.5218499214618779, 0.13436448653012617, 0.14493964758092429, 0.4296451693988724, 0.6031035043227775, 0.44578187537891967, 0.0, 0.5042048237362816, 0.6882784707045155, 0.5092791420595789, 0.558960580591066, 0.7759094518057351, 0.47712022951638644, 0.09701217201862337, 0.6816789620215916, 0.2962200466727904, 0.4414272555966545, 0.5560138821415682, 0.7498553240648221, 0.15217391304347833, 0.8133052353972179, 0.18033897068549767, 0.7699751261181405, 0.5484170376040063, 0.8438330035266577, 0.10300740757611418, 0.7036347587537553, 0.3992666475931541, 0.45844071634829825, 0.40446728072800436, 0.5960608424004911, 0.5865275481769191, 0.6093385067482894, 0.16455362405703702, 0.04301075268817206, 0.747167307964429, 0.5344632783022836, 0.07604960414985477, 0.2813348958469743, 0.5018654191367873, 0.6852065781466161, 0.5234029180398349, 0.38179995618759877, 0.7644732679111751, 0.38285839244468534, 0.5855621622010725, 0.40446728072800436, 0.37944452729311356, 0.0628795245311695, 0.6164390992146607, 0.47320305691594744, 0.3124927640851231, 0.5114313544284504, 0.5327172261033382, 0.6747928881387659, 0.5562002127757194, 0.23169903683599608, 0.3372423499515193, 0.18203366245011202, 0.83383920985541, 0.8048988038448047, 0.43954322623549047, 0.46936612172883263, 0.5822999846528412, 0.3197694659498436, 0.6347973124117084, 0.2140525150151291, 0.22174640463631579, 0.15915104821237822, 0.2884405189939307, 0.37515434265217956, 0.6410202184954027, 0.555914028131244, 0.549395964518333, 0.7980598817852402, 0.6914381202516829, 0.4325528497400223, 0.37715228323426137, 0.4192062892975863, 0.15368598186778415, 0.8439266073300156, 0.46717240454662073, 0.17957887026801667, 0.38285839244468534, 0.5319138409052819, 0.5413291671628738, 0.6882784707045155, 0.06451612903225812, 0.384646475859787, 0.580999683612493, 0.6460689051182741, 0.5247591522558788, 0.32983491170032697], [0.16620396664860138, 0.5662058853171213, 0.2961912693964085, 0.44935416531976025, 0.4165278172066871, 0.4031594012709298, 0.5518342610219923, 0.6596268017544122, 0.5742015080945532, 0.5205432786502988, 0.49091432538079455, 0.19829361029349016, 0.595914507451365, 0.5042048237362816, 0.0, 0.28502956758319686, 0.5657102182542697, 0.2819708315638096, 0.31451914758137445, 0.31111080043798434, 0.487953713825822, 0.25230936216726557, 0.3594663688081797, 0.4128155646720347, 0.6421575450453871, 0.32220237271144786, 0.5542134615738866, 0.5227354043425505, 0.46987678672668026, 0.4330900639537837, 0.2520725743239965, 0.4182232562382754, 0.5020574800414619, 0.2493813544109043, 0.22325277926471418, 0.5204103182667853, 0.5445932551950107, 0.3111108004379843, 0.21739130434782616, 0.29541051816994507, 0.6687573399214571, 0.46208674255951837, 0.28403036237597923, 0.27195178858094865, 0.5801656450690452, 0.3959974368509068, 0.4835443357806707, 0.29246037287392906, 0.1860298193518213, 0.5418944684778636, 0.4477228885820165, 0.5327493681068658, 0.2792928318356179, 0.6178012273837278, 0.49071159802212894, 0.5636857638991839, 0.28845692840767834, 0.24296767210088377, 0.4824114877582655, 0.7241057424893899, 0.6505128978334818, 0.4165278172066871, 0.5833015782567229, 0.45362780420049104, 0.5887766858962585, 0.6120217013455328, 0.5163846507292223, 0.4401049023641413, 0.6528223316127113, 0.6524026419462648, 0.07834529108628666, 0.4915452252064908, 0.27258876759902007, 0.4253177520341684, 0.4166666666666667, 0.35550400796277454, 0.4739734261049286, 0.621674717291266, 0.3984777126401598, 0.3051066706179285, 0.33695652173913043, 0.5113220060559758, 0.3396904802748175, 0.6659440716332532, 0.49970054608602477, 0.6843083832949955, 0.5734886031471298, 0.39216162419502976, 0.22160528886480177, 0.6267618056116533, 0.5327493681068658, 0.09782608695652173, 0.5893387069663648, 0.28502956758319686, 0.4410923122992905, 0.2528009154003938, 0.3267440943122472, 0.21981042645150814, 0.23937206424778282, 0.3958218833671253], [0.4505840359779128, 0.8250673075672039, 0.4171803303767386, 0.637390710798219, 0.14493964758092426, 0.5896361682987656, 0.5128027747923374, 0.6106621948014097, 0.7909806345315631, 0.7494772315246376, 0.46440531788183154, 0.09316508211701881, 0.5749492637351664, 0.6882784707045155, 0.28502956758319686, 0.0, 0.501143039398628, 0.16129032258064513, 0.1226922315637161, 0.5954307355585686, 0.7053104675330296, 0.45603849031673, 0.6283177013226837, 0.3769714324394127, 0.5685027438714387, 0.5047256953191965, 0.7806154774001779, 0.2557156772142252, 0.7115777073871554, 0.656362017285431, 0.5245018854112662, 0.15559807291286012, 0.720543572095672, 0.08452109619304671, 0.5058810230950801, 0.4791973825219791, 0.5386223949531993, 0.5764882155657486, 0.10175158764162082, 0.5543478260869565, 0.8439266073300156, 0.6524026419462647, 0.11099067860554206, 0.5486656676712528, 0.7582570612946319, 0.4671724045466207, 0.40970005857189606, 0.015289465358223531, 0.4610579456033522, 0.548494808869185, 0.17915264870683487, 0.5377442745032245, 0.5439035771618973, 0.6245078270706362, 0.49462365591397844, 0.7511445472179787, 0.5435846211407497, 0.5269127406759437, 0.7512680830082248, 0.7004241524217815, 0.5927567854696153, 0.19876304965690555, 0.49399158575886143, 0.7082790703561592, 0.8535716185884188, 0.8353699147805158, 0.23937206424778287, 0.15555540021899217, 0.6484492259685731, 0.6312817456014204, 0.25023113376022016, 0.5296772918709731, 0.06451612903225812, 0.6761687695443741, 0.6693804605574192, 0.5296104406261976, 0.7391676925601152, 0.6451612903225806, 0.6631306616099103, 0.5796882889793334, 0.6147439274711364, 0.2476806325585965, 0.07812319102128079, 0.6688782629483653, 0.5053763440860215, 0.6996850054782361, 0.796741482665645, 0.16455362405703702, 0.5058635249272788, 0.8449231739448005, 0.5377442745032245, 0.1940243440372466, 0.5106018891728856, 0.0, 0.6347973124117084, 0.5343189154434842, 0.17745184337473513, 0.06609787009783, 0.5163846507292223, 0.43678565639573247], [0.6731476581066119, 0.7829041140025373, 0.841960202331496, 0.4910178276574355, 0.4517436903909746, 0.4673913043478262, 0.048506086009311826, 0.10970241603802468, 0.6435039539459734, 0.6445413853632286, 0.08957632435341756, 0.47712022951638644, 0.10175158764162101, 0.5092791420595789, 0.5657102182542697, 0.501143039398628, 0.0, 0.34795330886032977, 0.6238336683578483, 0.7812068093501269, 0.5894136628762761, 0.8179394750251053, 0.679917813737521, 0.15289465358223503, 0.07644732679111746, 0.8869856185452627, 0.6593148393532359, 0.4464172105666847, 0.6521739130434784, 0.9922338355874515, 0.7812319102128077, 0.6144434256888066, 0.6012972319502675, 0.5721280717373375, 0.6645925301101517, 0.055401322216200574, 0.11162638963235717, 0.844366572036445, 0.43866708011994776, 0.8384857390531696, 0.5918355490921627, 0.5028822004934455, 0.6093385067482894, 0.7881081826717142, 0.5390607667176829, 0.2520725743239966, 0.09199470864864184, 0.48799256928052176, 0.7213712214673649, 0.1358608557132511, 0.4429989710885258, 0.1310967153782264, 0.8172764099610458, 0.17061586820569388, 0.13087724331259012, 0.5534741204949407, 0.8359493711701936, 0.7329268561228868, 0.7645834749178384, 0.2043010752688172, 0.09199470864864184, 0.3442576617061898, 0.048506086009311625, 0.6861320179228091, 0.8261569342675005, 0.6905218096073942, 0.48544376735589806, 0.516586650748649, 0.17397665443016488, 0.14353800272573755, 0.6071009226493571, 0.18972226364655684, 0.4391716216508043, 0.6543862165629503, 0.6553572642152901, 0.4260894193450538, 0.7419407864022811, 0.20743143607550496, 0.9238228493254347, 0.8216029750512798, 0.8394033561563348, 0.43321267935129937, 0.4456579824773646, 0.1979987184254534, 0.13219574019566024, 0.2362584696033191, 0.6628128465173189, 0.6525358486856657, 0.7139828908921209, 0.6850003296445353, 0.1310967153782264, 0.5009109640928681, 0.032608695652173836, 0.501143039398628, 0.5010395021615828, 0.67536934186368, 0.323725364210245, 0.5119772256849663, 0.7604123775719478, 0.21340509906417246], [0.43690484281019326, 0.7373777885520018, 0.512336764043942, 0.5121714957609341, 0.19135371001311596, 0.46647397588205003, 0.3549036867494703, 0.4562339142274212, 0.6737612443292071, 0.6409614850023809, 0.3041984165994192, 0.13172416348286442, 0.41562596451222905, 0.558960580591066, 0.2819708315638096, 0.16129032258064513, 0.34795330886032977, 0.0, 0.28146518756245326, 0.5761872974800862, 0.5916476733513274, 0.5149787904354247, 0.5597060123253632, 0.2161497419895244, 0.41926063917297646, 0.5768810379878612, 0.6693804605574192, 0.27214340023693273, 0.6134085040652089, 0.7084614202862386, 0.5327041866921663, 0.30306540136649385, 0.6068760532192823, 0.2247252306676352, 0.46850316338984194, 0.3209764784416903, 0.3777541503617112, 0.5928035194470743, 0.09283900604655652, 0.5773353275571339, 0.7063233393160443, 0.5274593074246052, 0.2637251991852306, 0.5502438726828491, 0.6240057570313237, 0.31397936563139944, 0.25598861284248314, 0.15092954257319244, 0.46666620065697645, 0.38724935124421594, 0.21032309275450456, 0.37650102062461577, 0.561167043964776, 0.4635140420104004, 0.3333333333333333, 0.6209547187966915, 0.5700591351663937, 0.5118869947476037, 0.6772083544746778, 0.5427868640982091, 0.43993055500542616, 0.14293145184408, 0.34769536117875277, 0.6208549243299641, 0.7713903409954356, 0.7205619518826831, 0.282568477032838, 0.24620698194553065, 0.4882462714164458, 0.47260118852782, 0.29182456951623864, 0.36960892356909064, 0.09677419354838701, 0.5869194233922482, 0.5820730321117399, 0.405325565910239, 0.6611412038742835, 0.4838709677419355, 0.6799178137375208, 0.584158733574549, 0.6133317143428667, 0.25797017148550366, 0.1350680005867151, 0.5082902078164903, 0.3440860215053763, 0.5386223949531993, 0.6830588916368, 0.3242246129842865, 0.4901929874620306, 0.7268593974586969, 0.37650102062461577, 0.1895023523210357, 0.36144356189601295, 0.16129032258064513, 0.5123367640439419, 0.49207630485906717, 0.04478816217670867, 0.16405757374130095, 0.5180612049291269, 0.2793777268877873], [0.4665877012400745, 0.8790948513337373, 0.3452609048036971, 0.7228871237920258, 0.23001592567735263, 0.6746946488725575, 0.6350138110704217, 0.7333393839270561, 0.8678034985560139, 0.8204741944764152, 0.5856091087770114, 0.17745184337473516, 0.6967033124530883, 0.7759094518057351, 0.31451914758137445, 0.1226922315637161, 0.6238336683578483, 0.28146518756245326, 0.0, 0.6063260751163959, 0.7809772183717317, 0.41360294503973044, 0.6737612443292073, 0.4976004895396385, 0.6910008150434374, 0.4477228885820164, 0.8530793410284692, 0.3308571782613649, 0.7757795126220021, 0.6090754289799631, 0.5185049467261363, 0.12004774680415718, 0.7959147952316511, 0.07228871237920266, 0.5350444762674263, 0.6013037178915686, 0.6591482802171224, 0.5611670439647762, 0.20545442109639642, 0.5349782957100144, 0.9362416294027527, 0.7374027696769105, 0.03057893071644706, 0.5463045769652395, 0.8487394400707968, 0.5764883932828456, 0.5323555301242054, 0.1361605037794361, 0.46164546567293707, 0.6680829316878903, 0.2620415938198132, 0.6573534105432842, 0.5296485097305234, 0.7447963281027851, 0.6137700638155059, 0.8385212783459529, 0.5220629683840119, 0.538420467297358, 0.7968691094333729, 0.8227681202851851, 0.7154442912893308, 0.31119614582572036, 0.6162791835388601, 0.7647542215225535, 0.9029269174569038, 0.9096852186327177, 0.30081801580138057, 0.2038242180497275, 0.7696829804114979, 0.7533136761940704, 0.25280091540039373, 0.6455274435086068, 0.18568143304465606, 0.7348312664408425, 0.7268420320424569, 0.617000996082206, 0.7879891742831652, 0.7641369472012444, 0.6435039539459733, 0.5733959256771785, 0.6112406325093868, 0.32750026344238686, 0.18863857359350847, 0.7897480806949294, 0.624507827070636, 0.819802523675344, 0.8707859220622588, 0.0781231910212807, 0.5192063544931863, 0.9216157823975261, 0.6573534105432842, 0.2484066184113271, 0.6331390393352055, 0.1226922315637161, 0.7183411251105787, 0.5652638405291709, 0.3001273492789472, 0.13308888253105128, 0.5159403429710074, 0.5501079594740206], [0.14493964758092417, 0.3629045809000996, 0.40130589196877947, 0.43461920147344085, 0.7270765710761308, 0.41023709723820756, 0.7520220501752645, 0.851305834208328, 0.4685842134146477, 0.4031594012709297, 0.6936120914179784, 0.5092791420595789, 0.7753639749199481, 0.47712022951638644, 0.31111080043798434, 0.5954307355585686, 0.7812068093501269, 0.5761872974800862, 0.6063260751163959, 0.0, 0.4051416465890428, 0.27960038047471447, 0.18789525463306125, 0.6390497506734176, 0.8536781641023466, 0.32681281806152096, 0.43352758952653514, 0.8317360784962321, 0.3377348032280493, 0.29755757251498505, 0.1109906786055422, 0.7195734700791179, 0.4124305268843498, 0.5502059996232332, 0.11689597789622787, 0.7275912901396749, 0.7213558827419905, 0.12903225806451601, 0.5257128980081716, 0.15209920829970958, 0.6164390992146607, 0.43874268236007125, 0.5773862316285959, 0.08202878687065038, 0.5419271374628258, 0.5468623371489653, 0.7178592692286977, 0.6033720159291913, 0.14729406164894174, 0.7090854342860871, 0.7576688130657876, 0.703108719191527, 0.13308888253105128, 0.7709418288292575, 0.6710226312650553, 0.5141759038649989, 0.164553624057037, 0.06867160505074274, 0.2637251991852307, 0.8878196467621554, 0.8498072018823727, 0.7174718836698764, 0.8122417588132784, 0.2911353476040425, 0.3642678017684629, 0.48496849429179756, 0.8271150018464325, 0.7508516242809012, 0.8098912442608283, 0.8234073697953568, 0.3547851947417879, 0.6433090946894855, 0.5824739314868027, 0.284803460263054, 0.2742560400950617, 0.4051603086318911, 0.270787769960872, 0.7592948982208362, 0.1646246271592608, 0.08602150537634401, 0.07228871237920265, 0.8197433101113291, 0.6502563316363495, 0.814762046896221, 0.6765993580842476, 0.8192916482449055, 0.45487130109561724, 0.6839203694404146, 0.08957632435341742, 0.5072431451779262