{"sol_ID": "SID50531", "journeyDistance": 6.178905388775545, "distanceMatrix": [[0.0, 0.4603590997985507, 0.17895287836070706, 0.28186818146697795, 0.9441743829844153, 0.36731103536636744, 0.525547442416755, 0.7118569907812449, 0.5502737259080736, 0.6251127534356373, 0.5469062537090865, 0.2418451934964198, 0.93232133929119, 0.6641551772066936, 0.295840243995717, 0.9039411764134003, 0.5645015948956964, 0.6206319914274564, 0.0028193302060195136, 0.8187507130416661, 0.886616599743973, 0.2047149316124844, 0.6324199982899263, 0.8195477701163543, 0.09225919348994349, 0.8744524259017762, 0.7233560342597863, 0.9008608440844399, 0.8020202801716385, 0.19868969189967992, 0.38795349024148046, 0.6586241211541268, 0.3075256720534262, 0.9003958856079437, 0.053113242430734356, 0.9045145401439215, 0.9286239929968558, 0.9238109194941347, 0.47944815385546585, 0.8896152646566808, 0.8966312207771862, 0.8239680167444804, 0.5531872622525855, 0.9152908433533792, 0.8586514909574186, 0.47341720496711365, 0.616782447886584, 0.06169561449884748, 0.510783315535054, 0.9121677895914198, 0.1531491470114993, 0.8546728333151667, 0.8014906204022144, 0.1683501887581433, 0.9037877479451448, 0.8602535570598521, 0.9289938235903854, 0.9456848357941339, 0.9201995341136102, 0.24422661347049093, 0.9557459098765918, 0.5058092407626047, 0.7859163114769055, 0.4907942429230723, 0.9963747102465609, 0.8835016708342711, 0.8298748064333709, 0.3451326970407431, 0.8092376948060419, 0.24022317485537345, 0.7422765675066404, 0.9406733539110125, 0.5212283376375015, 0.25373406068313664, 0.9012817974164555, 0.7751594471924879, 0.3147276241191512, 0.931149537125758, 0.7288830930560408, 0.5180989625579339, 0.8576839311346145, 0.033153744214750806, 0.8265033100912077, 0.3663771385881135, 0.44401316688974474, 0.8337600447914525, 0.8913851886640374, 0.8436178273520759, 0.8734547071218313, 0.28878622655055636, 0.8623297559216471, 0.8827959148067775, 0.8804836247050485, 0.5499774445969394, 0.24508866889289482, 0.5227868901605455, 0.4168696963874855, 0.42581783187951494, 0.2628368393394451, 0.5617323767364655], [0.4603590997985507, 0.0, 0.6375450057590374, 0.7391941063385038, 1.1557499320997158, 0.793094961734985, 0.11652094235630323, 0.4316970265872067, 0.20369347173226338, 0.9798450624113217, 0.9446760050355973, 0.21853320905878804, 0.9317219902868314, 0.976962438654626, 0.1800243636144069, 1.1338453064153633, 0.2574493728255165, 0.3009378306896522, 0.46104149255050936, 0.5850330781540285, 0.7337966260049146, 0.6511248757180669, 0.34028205397293765, 0.6120705538876413, 0.5526044645440361, 1.0242602260951479, 0.43560144739955287, 0.884162520519531, 0.5650475334896483, 0.26403995836811595, 0.0967056178218475, 0.3789783448679064, 0.17075972737475867, 0.7088132546503518, 0.5113784226613567, 0.9474406961629503, 0.8865154147951138, 1.0667860019270614, 0.8903985052590252, 0.9923169057063854, 1.0839324582747445, 0.9352980084903516, 0.13378184932845, 0.8056793020240075, 1.0556125561270746, 0.8724485360876364, 0.9466363633106557, 0.4619033205801062, 0.17017489534512756, 1.0305381418829325, 0.3206963284590834, 0.9999801705137467, 0.9975017336827827, 0.3103665196423017, 0.9982567807876251, 0.6920612402874035, 1.1352356649936857, 0.7658771908993004, 0.9046563862957395, 0.6788047338149458, 1.0993400551063515, 0.8733955449373348, 0.9080625009166597, 0.13739712755466657, 0.8439586694737741, 0.8932867161990725, 1.0088284960562512, 0.11554835408028537, 0.6693790909493106, 0.6872077771506608, 1.0053550729823377, 1.0714451899468707, 0.18603575184861243, 0.7070716659625219, 1.011705112758071, 0.5061307327473419, 0.7552239033942629, 1.1035540150144532, 0.9774316808610255, 0.10775717859759602, 0.6293281081518387, 0.48361021066345, 0.5893794140242828, 0.8098185320477483, 0.8274768038790908, 1.0528158868822153, 1.1371753104672309, 1.1095058451988034, 1.079774806120557, 0.7398456789323651, 0.8788274602132515, 0.7359016367421943, 1.0667770108490646, 0.9214443292513951, 0.7049551524638088, 0.17373301119641615, 0.04390869708686759, 0.08463852754826391, 0.723190186595732, 0.9464460829475746], [0.17895287836070706, 0.6375450057590374, 0.0, 0.1295313282490523, 0.9423930678172368, 0.2659268250825232, 0.7044362249027583, 0.8759949334788367, 0.726543573226243, 0.5609673813818, 0.45386088118467444, 0.41953162731233584, 1.0179585554803936, 0.625834835549395, 0.4674279134167245, 0.8952787749394668, 0.7373450096010702, 0.7927007251537789, 0.17785521382158026, 0.9711544874947114, 1.0186082160090928, 0.11793259425612304, 0.8010785123984011, 0.9667120661668127, 0.08871588258124788, 0.9057019630208641, 0.8881934491827652, 0.9935405767858152, 0.9556627627269546, 0.3775300643828663, 0.5607516336608737, 0.8246895359381416, 0.4788263608990421, 1.040947993722194, 0.13355599574067353, 0.9765533786839418, 1.0278751385074891, 0.9549432514051492, 0.3801038434323047, 0.9397276539600744, 0.9093581330865704, 0.8750623175440355, 0.7320961426356998, 1.034839564831922, 0.869235516512689, 0.3874439350897687, 0.5716108793151865, 0.18194876602365015, 0.6877986472846505, 0.9544587822240252, 0.3307264682265601, 0.8892314363221754, 0.8166462024846934, 0.33446765271799483, 0.956308943572458, 0.9970677986857145, 0.930686173040159, 1.0818403625742958, 1.0114376766804216, 0.16408021514386514, 0.9847584824237672, 0.44479848957290613, 0.8354644516349518, 0.6688478702359173, 1.1239240824089012, 0.9684133747508179, 0.8510116905180541, 0.5228635132524079, 0.9417750567895814, 0.13316734414852954, 0.7271933815207542, 0.9760575989087452, 0.6976479021002541, 0.12244211781059972, 0.9475218417437032, 0.9353863084283526, 0.19978486233216386, 0.9487151218937048, 0.7230243315241263, 0.6970228270893658, 1.0076336930126968, 0.1539491440367915, 0.9792756320210301, 0.2368940270127516, 0.3779499985815952, 0.835151924158424, 0.8752046429994398, 0.819509016165101, 0.8785073508040269, 0.15561768144404878, 0.9462581380836159, 1.0134976072595143, 0.8947126693141111, 0.48016211368746764, 0.08352147064943832, 0.6998974592771576, 0.5938075804485059, 0.6047655329618057, 0.09054940566815864, 0.47921308296855136], [0.28186818146697795, 0.7391941063385038, 0.1295313282490523, 0.0, 0.8579497765110579, 0.15313854183552736, 0.7940100254818744, 0.929025687675402, 0.8040300642187361, 0.45166080583504625, 0.33435058961643077, 0.5212390710350308, 0.9912243004980094, 0.528048272529282, 0.5776979907439452, 0.807695581196397, 0.8068347214534457, 0.8598918138299059, 0.28172686173356976, 1.007497762025142, 1.0322352534056385, 0.09895707789866498, 0.8621534843710107, 0.9970658119899527, 0.1924683544926587, 0.8423322389635274, 0.942075589687259, 0.9728508482714776, 0.9937223732388993, 0.4752141170696554, 0.669724387575401, 0.8813379284867349, 0.5893740478865398, 1.062990189445525, 0.22915726647497098, 0.9402152942213221, 1.0119205041287704, 0.8905115696864018, 0.26030430150483264, 0.8883651679553445, 0.8341542375840528, 0.8258325467123534, 0.8217995653753539, 1.036392453236691, 0.7935264918125, 0.2739047766091157, 0.4718773083397274, 0.3018736525027349, 0.7679760946804033, 0.8974404674838365, 0.4209396361268775, 0.8284018381682015, 0.7449873975020141, 0.4482437555723468, 0.9062863156483641, 1.0158840965981752, 0.8484621886310392, 1.0987254881886162, 0.9892570169267123, 0.10711584302269925, 0.9184115393663754, 0.34189751798719825, 0.7861594871877206, 0.7530671697648332, 1.1316747148472888, 0.9420589152485986, 0.7823187153708037, 0.623648281663258, 0.9572569767011567, 0.07200994127280327, 0.6395743086180266, 0.9140189912282211, 0.7759260573298239, 0.04011452272046183, 0.8933291510214659, 0.9821215024340881, 0.08822577569624973, 0.8757658139309438, 0.6409642028849412, 0.7873197702839418, 1.0405659888634384, 0.26558175589413135, 1.0159438358962964, 0.1104235835758031, 0.2765891997600259, 0.7546056798094668, 0.7837693606214483, 0.7247580305379676, 0.799247611789078, 0.039886617660205674, 0.9195944818117272, 1.0259382333202989, 0.8207248895452202, 0.3707551994623878, 0.04642965106363094, 0.780226558161334, 0.6962365369897251, 0.6966623428494133, 0.056216635554738895, 0.36360613958350013], [0.9441743829844153, 1.1557499320997158, 0.9423930678172368, 0.8579497765110579, 0.0, 0.7093824683938369, 1.1139808361762464, 0.9665865017740382, 1.0469612048787238, 0.4412534202796277, 0.5759136908904507, 1.033531932682549, 0.48380948449466893, 0.34032674908234417, 1.1097183556581298, 0.05640284947243573, 1.001534409659775, 1.015725033410414, 0.9466330770136073, 0.9046299145679931, 0.7720790366342212, 0.8244677582328906, 0.9802397929982963, 0.860905741720145, 0.9255284354727626, 0.1779246591118996, 0.9789599844591859, 0.5171624297845581, 0.9079725202094268, 0.9941918596933651, 1.158581077421887, 0.9635609358545956, 1.1183776834753596, 0.8436352632203097, 0.9166996639897848, 0.3965640609684483, 0.5666842621530507, 0.17376162525498146, 0.6323471187097038, 0.27339458549576184, 0.08510207044635333, 0.2832110860232448, 1.131516191204911, 0.6953349430293103, 0.10124505006056607, 0.6029558108519711, 0.3963599031152142, 1.0043618415750903, 1.0433477058730412, 0.23279965753332157, 0.9447003642282626, 0.19834815244393153, 0.158271194050112, 1.054679893835642, 0.2874717708717904, 0.7970324718033982, 0.022646885830272325, 0.8306510449507262, 0.5140875828801392, 0.7792463710219072, 0.16730753663111855, 0.5229239018057282, 0.28605634700932275, 1.0587761480923112, 0.79023128726829, 0.4665691421496712, 0.15402576825136813, 1.0822032709817704, 0.7469209107718018, 0.8141345183275718, 0.2187164245565269, 0.1989199366780729, 1.0365495922324428, 0.8365095128523803, 0.25326628182300465, 0.9563904139722306, 0.7700567056500248, 0.10195281794900746, 0.2194231889460703, 1.1144474362728778, 0.901330699464362, 0.9618725100017581, 0.9113915521982195, 0.7690527009978194, 0.5838100852568161, 0.11051092675548352, 0.09508635697721671, 0.15774498483008062, 0.07602038459487463, 0.8181211213008676, 0.4568648810588216, 0.761066646654328, 0.09919908079054852, 0.5093336101374495, 0.8906394857693513, 1.050795096849696, 1.1340716965485684, 1.0722552344714447, 0.9120605532813433, 0.5361554594740813], [0.36731103536636744, 0.793094961734985, 0.2659268250825232, 0.15313854183552736, 0.7093824683938369, 0.0, 0.8279025258706871, 0.9098317600157151, 0.8204600950555931, 0.29887435178440425, 0.18846553334115043, 0.5837584609348554, 0.8832775174830639, 0.3759433488740969, 0.6510110582095665, 0.6580027238162747, 0.8123543090667125, 0.8607962072505531, 0.36826729464228997, 0.9661151180931203, 0.9644411446782152, 0.16699025329938394, 0.8549876940208733, 0.9488547094778342, 0.29597792061185596, 0.7061139294592234, 0.9236414210257474, 0.8708448975043704, 0.9546728101575415, 0.5347564490471443, 0.7377191658946542, 0.8679571861928661, 0.66271480494984, 1.003993754365098, 0.3167201717590672, 0.8243475690868826, 0.9138670387639767, 0.7531174806505747, 0.11566903913047114, 0.7606206516105904, 0.6904081631460076, 0.7006441596688674, 0.8551181903635909, 0.955603346727459, 0.6497721947870198, 0.12210380589155442, 0.31948406716008165, 0.4065397535906491, 0.7892598270083374, 0.765257271212305, 0.47479280181183225, 0.6941501500051316, 0.6041490826095597, 0.5332640048725021, 0.7793913735987925, 0.9541353584329377, 0.7009439047976842, 1.033376534245526, 0.8855840857637493, 0.12314592741734243, 0.7795226612812545, 0.18936387023651263, 0.6615353334467935, 0.7805009636863995, 1.0559352517534633, 0.8351980954186251, 0.643054380201601, 0.6800676781851738, 0.8929865010196837, 0.13687671167999022, 0.49066610086047335, 0.7780688339509645, 0.7943254377810688, 0.1439280334162389, 0.7633236643681046, 0.953852795620908, 0.06691777566942791, 0.7330619263387301, 0.49486533808307315, 0.8224676679336637, 0.9945021767992885, 0.363242868816671, 0.9747752632443769, 0.06447138277279604, 0.12560279794628482, 0.6084354900336741, 0.6327563475336473, 0.5729014753418125, 0.6534767670194248, 0.11525961324120183, 0.8128105993720595, 0.9569618380324109, 0.677783661194544, 0.2178449917722098, 0.1935237344218744, 0.8013283344102118, 0.7526643504574563, 0.7370634161632929, 0.20927856243901446, 0.21347805210183388], [0.525547442416755, 0.11652094235630323, 0.7044362249027583, 0.7940100254818744, 1.1139808361762464, 0.8279025258706871, 0.0, 0.31885613041162253, 0.09382427817487653, 0.9830940688898873, 0.963819118534778, 0.29148620307555906, 0.8493536920056179, 0.9675173553110777, 0.27697620097596537, 1.0972440256874159, 0.15138932307292813, 0.1877753517233936, 0.5267498114985016, 0.4739393212847211, 0.6302890519355221, 0.7003422129317061, 0.22961710006936323, 0.5037471453363752, 0.6165695794011781, 0.9711749754118915, 0.32175997955456176, 0.8000691429436294, 0.4540128928687763, 0.32787476176877506, 0.20843516281197233, 0.2683102766905953, 0.2701454709237671, 0.6004033484923028, 0.5728641723612996, 0.8733067536307516, 0.7975843139181046, 1.010915552874375, 0.9161573023208174, 0.929550945245416, 1.038023656803157, 0.8763200399483468, 0.027797169696391018, 0.7071695247693487, 1.0128512743525735, 0.8941768541590772, 0.9432331788909081, 0.5385161328830544, 0.07401537223899274, 0.970119462318484, 0.3748709327440706, 0.94659779296238, 0.9563004689589722, 0.39523076625178083, 0.9335117727970984, 0.5873084019590785, 1.0926364198466396, 0.6579088574730867, 0.8201825439786428, 0.7215019293315604, 1.0427593907947523, 0.8843069768131573, 0.8525462717476593, 0.05586486141829396, 0.7382292256947187, 0.814107635708859, 0.9631098378217102, 0.19517384348627512, 0.569897755194473, 0.7355081034870594, 0.9811080383960622, 1.0126819602521249, 0.08593360657199288, 0.7588796561821527, 0.9500652389921939, 0.3927122469264147, 0.7980183452745019, 1.0535602409085585, 0.9502600025916176, 0.009124920282639191, 0.5179633454378885, 0.5528250129486398, 0.4777873966437358, 0.8527911324728276, 0.8453436918184064, 1.0156388415630462, 1.104615744717246, 1.0830109248081807, 1.038640846957822, 0.7892361436038114, 0.8014774438886894, 0.633248493105444, 1.0210978517775502, 0.9319761628108526, 0.7643226943056002, 0.07094034727317515, 0.14656543057889712, 0.10026739796184826, 0.7852786832784212, 0.9607672060116815], [0.7118569907812449, 0.4316970265872067, 0.8759949334788367, 0.929025687675402, 0.9665865017740382, 0.9098317600157151, 0.31885613041162253, 0.0, 0.2280224941145905, 0.9692005600536949, 0.9940657702125869, 0.532774140925248, 0.5985127263017572, 0.9199961815279191, 0.5543681681760012, 0.9652875911312084, 0.17771624644115863, 0.1311129593194716, 0.7140040947940564, 0.15617500853287258, 0.32713840059346994, 0.830119223340176, 0.09293667504267177, 0.1914216415080347, 0.7895346549683782, 0.7994197942424756, 0.014248309686141696, 0.5467189157099325, 0.13652943711944168, 0.5466342209561089, 0.5124087996674141, 0.05649672541670641, 0.5517697981893843, 0.2860266955358086, 0.7452213879288869, 0.6456070234701161, 0.5298922133883271, 0.8287899100067567, 0.9674323842175614, 0.7321037300346409, 0.8829409499010654, 0.6936979109382487, 0.3121699776440038, 0.41538551489810005, 0.8682577385004911, 0.9366033453583119, 0.9142146435220444, 0.7475001949085833, 0.2645871239989184, 0.7771274358017205, 0.5659722759274597, 0.7755506587823306, 0.8199277301276905, 0.6373216296779401, 0.7300149231258487, 0.2821285523424114, 0.943987174190298, 0.343729136732341, 0.564595641408476, 0.8332833044390865, 0.8569215772950428, 0.8989168839160743, 0.6821358816708982, 0.2981592763839869, 0.42754881386535454, 0.5748252745714181, 0.8132221700450236, 0.46976362709788505, 0.2824063130378966, 0.8595882344960871, 0.8912718698637688, 0.8221397188415009, 0.24836480006599213, 0.8894042399838135, 0.7546811566416423, 0.07466540737686368, 0.9027618981240303, 0.8859666947217385, 0.8544510365940752, 0.3265981187649784, 0.19964298346446643, 0.7444041293071955, 0.1593922392929824, 0.9534657191125039, 0.8818624190712783, 0.8868126746660959, 0.9836380290395442, 0.9802678494374636, 0.8971384763076046, 0.9111900162767986, 0.5686137022231929, 0.3323843574456566, 0.8676539943478132, 0.9416189810813613, 0.9128892565165436, 0.258894237016633, 0.45092052933357984, 0.3764279479690168, 0.9389031339146102, 0.9783678323914853], [0.5502737259080736, 0.20369347173226338, 0.726543573226243, 0.8040300642187361, 1.0469612048787238, 0.8204600950555931, 0.09382427817487653, 0.2280224941145905, 0.0, 0.9487009637149781, 0.9419992131058911, 0.3344546889524421, 0.7610567428266465, 0.9237611414128832, 0.3392396899516341, 1.0336377661967084, 0.05798332611493219, 0.09766595202792573, 0.5518859770686632, 0.3817157610740916, 0.5364710111154728, 0.7071194839085986, 0.13687799350837807, 0.41038352949351775, 0.6378278832848846, 0.897860389201054, 0.2322373448137211, 0.7111769342874199, 0.3617424729109418, 0.36100092247620563, 0.2866174249738245, 0.17564234923046948, 0.33475125919107934, 0.5071114197377642, 0.5930513307411611, 0.7887485225614401, 0.7068300376577089, 0.9357501341473136, 0.9001704312519171, 0.8507945344633859, 0.9687726716832183, 0.8000148699280708, 0.09591234839137598, 0.6138712680307297, 0.945729209457933, 0.8752028792226969, 0.9041970696386193, 0.572864412843939, 0.04226355691134896, 0.8925072692822572, 0.39715467041767183, 0.8732354650477705, 0.8905352670892464, 0.44155524256093936, 0.8536378950655995, 0.4934926505937867, 1.0251936398752775, 0.5645250234783065, 0.7310815607613219, 0.7223682783645444, 0.9670417149126437, 0.8568889162511389, 0.7784576165129287, 0.07326932376676377, 0.6444974719020813, 0.7273353442715694, 0.8944002932997842, 0.25353038444967163, 0.47654201805144014, 0.7408589411632606, 0.9266149730787854, 0.9358313239157272, 0.029138061181493292, 0.7668385877910632, 0.8718500580798233, 0.30252341516256637, 0.7976856934113106, 0.9817119602226141, 0.8939768698097986, 0.10052532787005822, 0.4259304928474669, 0.5802546771301125, 0.3858904283428164, 0.8518337767015602, 0.8239109381657845, 0.9521239904850962, 1.0436357566241392, 1.0262543564095346, 0.9724158910881839, 0.7946422481465721, 0.7156148874070316, 0.5394656424267008, 0.9520802898796611, 0.9037149382206593, 0.7787731826234902, 0.03273892778975645, 0.224392498932378, 0.15479114204413338, 0.8018248450192715, 0.9351661248144827], [0.6251127534356373, 0.9798450624113217, 0.5609673813818, 0.45166080583504625, 0.4412534202796277, 0.29887435178440425, 0.9830940688898873, 0.9692005600536949, 0.9487009637149781, 0.0, 0.1353973572558113, 0.7968321586175875, 0.7446942365671653, 0.10685824716104599, 0.8721212932595477, 0.385803410371968, 0.9232249578383752, 0.9600014247057495, 0.6268437794126719, 0.9780782885567322, 0.9199254483783659, 0.45040069508426545, 0.9405021951454079, 0.9479689357047136, 0.5739165139136222, 0.4907497528833943, 0.9834214427164214, 0.749437899330859, 0.9721746977666853, 0.7488369896007036, 0.9468367032691062, 0.9412662272785415, 0.8831104384580898, 0.9762848216457258, 0.5821617775152086, 0.6674286713130322, 0.7997192346391258, 0.5300141782975606, 0.1993633194498111, 0.5712599761778508, 0.4454241297360722, 0.5253158286995282, 1.0076750333932252, 0.8815495670683728, 0.40734771889369553, 0.17813180803723452, 0.06604867033147446, 0.6760086601372223, 0.9276510688388401, 0.5602875194935155, 0.6890216447810916, 0.4872190393549629, 0.37880147135779585, 0.7756794681457235, 0.5914112544178914, 0.9238355119671007, 0.4382129317255956, 0.9898011067738919, 0.7585575680553069, 0.4019171868669383, 0.5492520086430972, 0.11964853659644714, 0.49244699408651454, 0.9291492586225699, 0.9873772196247618, 0.7033490788668286, 0.4207906217267339, 0.8777529760399773, 0.8618314663792177, 0.42805134464999123, 0.23424436339241986, 0.5587854143547906, 0.9277427843781918, 0.44122404870531423, 0.5660638475287818, 0.992752261497553, 0.36551001137523415, 0.49016965538298657, 0.2559032315004774, 0.9799307174359895, 0.994905305435027, 0.6308849137469508, 0.9865739672626624, 0.3485047018790807, 0.1848114794529427, 0.3573469905724917, 0.3536975938410652, 0.2898983743794547, 0.40141436411627207, 0.4141292172990899, 0.6830842259603599, 0.9103026318183782, 0.43709670791901994, 0.08108849151963428, 0.4922526513128991, 0.9385033291979178, 0.9454085337954852, 0.9083436231357661, 0.5078765727050424, 0.09632353832329602], [0.5469062537090865, 0.9446760050355973, 0.45386088118467444, 0.33435058961643077, 0.5759136908904507, 0.18846553334115043, 0.963819118534778, 0.9940657702125869, 0.9419992131058911, 0.1353973572558113, 0.0, 0.745946681044761, 0.8455552256168373, 0.2372128330973512, 0.8176475856823641, 0.5207553373325787, 0.9243158169410073, 0.9669143020650005, 0.5481888707594026, 1.0233926225155068, 0.9875853523255805, 0.35354974848874665, 0.9533818205134357, 0.9982791090762182, 0.4821322684931554, 0.6136009821645645, 1.008276474417342, 0.8441995897979153, 1.0150909723362014, 0.6967978728995853, 0.8995663394870145, 0.9596193807975624, 0.8291292896697753, 1.0378796568248914, 0.4987416977453615, 0.7736918706331852, 0.8924774794837522, 0.6555453419801491, 0.074115957359551, 0.6870793048556193, 0.5758078989676655, 0.6357026214964983, 0.9899341267021318, 0.9602726503028975, 0.5367302967636596, 0.07402364966056306, 0.1843987045284964, 0.5908319801684212, 0.9158802511999291, 0.6808713292567954, 0.6359871452135323, 0.6074359018522771, 0.5029448590548722, 0.7082137984869977, 0.7070525357247083, 0.9858645005222271, 0.5721109900539771, 1.0578651448781282, 0.855473183468553, 0.30700114495712777, 0.6768723485098072, 0.09981667571373433, 0.5999767962781373, 0.9124693607849387, 1.0651322874791815, 0.8012570296158509, 0.5447065937996478, 0.83590943795101, 0.9233924736646326, 0.3251236754188173, 0.3647156542774333, 0.6835366179431297, 0.9183391253982697, 0.3314587900218866, 0.6843345730670305, 1.0267949649863597, 0.25407804338564666, 0.6204254012299164, 0.3815535579693039, 0.959508693889142, 1.045228280482368, 0.5465728395199997, 1.0320553514525534, 0.22563117265254035, 0.11849748703652203, 0.48831908084580034, 0.48906335080628943, 0.4252945671153308, 0.533040528705388, 0.3000483789624465, 0.7799220827792486, 0.9786955371867483, 0.5663530555133279, 0.07530221211241929, 0.3781996415904797, 0.9274431050721832, 0.9068163559493884, 0.880307191386674, 0.3898866703395996, 0.03989362570031628], [0.2418451934964198, 0.21853320905878804, 0.41953162731233584, 0.5212390710350308, 1.033531932682549, 0.5837584609348554, 0.29148620307555906, 0.532774140925248, 0.3344546889524421, 0.7968321586175875, 0.745946681044761, 0.0, 0.9011055823354699, 0.8096306802089065, 0.07728389496360047, 1.0033728223678582, 0.3635523714103473, 0.4199550843684555, 0.24255864351087897, 0.6653970990111557, 0.7746454371664029, 0.4351968833048483, 0.4432176686718732, 0.6784053129163724, 0.33410086832172303, 0.9260567428835231, 0.5417212974796338, 0.859896201183725, 0.6464435873177199, 0.04922624691452598, 0.15414459204620895, 0.47640405350814846, 0.0873361456968948, 0.7700417691664745, 0.29292776041510704, 0.8962733507591131, 0.8750243712103757, 0.9727374512950834, 0.686678530450781, 0.914527741653116, 0.9707083560877703, 0.8517636472679949, 0.31839703259235813, 0.82609259961876, 0.9375334542944822, 0.6723639421789436, 0.7721993186129504, 0.2475955887792764, 0.2924102852182297, 0.9466626235919098, 0.10999186886971984, 0.9031088233288881, 0.8783347970208444, 0.10712894099870215, 0.9244346307605668, 0.7396851779231002, 1.0149112651371481, 0.8225657425411632, 0.8805165453013604, 0.4658003638020171, 1.005794741274709, 0.6838700196997595, 0.8186628508535754, 0.26615474199474815, 0.8882737651133327, 0.8563026103830211, 0.897357202679458, 0.1033549312037152, 0.7004072107948495, 0.4714122026862072, 0.8583374843611418, 0.9830041312075637, 0.30581746571242996, 0.48994207572370196, 0.9309348269497458, 0.6040755010377183, 0.5414877012612562, 0.9972996666452092, 0.8356472296543577, 0.2833186883834701, 0.7083875083162472, 0.2657869764547646, 0.6719214754457157, 0.5956267665772171, 0.6317082610941351, 0.9252149657869849, 1.000066693929439, 0.9635310221047818, 0.9582315328030745, 0.5233574167031476, 0.8380497734459861, 0.773615421576665, 0.9535894447836989, 0.7314554018759222, 0.48647116548127783, 0.30336267947979384, 0.17517054497882478, 0.19151633455686928, 0.504682022127573, 0.7522235080005605], [0.93232133929119, 0.9317219902868314, 1.0179585554803936, 0.9912243004980094, 0.48380948449466893, 0.8832775174830639, 0.8493536920056179, 0.5985127263017572, 0.7610567428266465, 0.7446942365671653, 0.8455552256168373, 0.9011055823354699, 0.0, 0.6465577549223639, 0.963242055827589, 0.5118793457541548, 0.7044825426353429, 0.6935296993539737, 0.9351405476070263, 0.4860668025865889, 0.31735524060629217, 0.9151254760103943, 0.6494079488545417, 0.4383549275016816, 0.961033063424259, 0.3118206578962838, 0.6070450882608929, 0.0518149174693995, 0.49638810246723647, 0.880656628791734, 0.9737802184439012, 0.61928771099573, 0.9676035140627076, 0.39007213794332024, 0.9313630562857245, 0.08814197908036943, 0.08676783653415725, 0.31080705257218505, 0.866229311723954, 0.21158208117360564, 0.404790373888453, 0.2281851449000812, 0.85674845106756, 0.22596217848617164, 0.4155844264392208, 0.8289519203035812, 0.67898777276194, 0.991551736487035, 0.7759815349314262, 0.25112812962815806, 0.8553576881719951, 0.29826617349795387, 0.40143410152417347, 0.968509864538986, 0.1963700985311116, 0.353777340833558, 0.46361731859154953, 0.3629868536964923, 0.03613528266155045, 0.8863188563119255, 0.32533026623334566, 0.75264514876757, 0.25455584984564283, 0.8028696544744649, 0.30980259409087013, 0.04954593130514865, 0.3680882722076872, 0.9028699677443942, 0.32336249837926306, 0.9245408474392102, 0.5433758664683916, 0.2892333718582121, 0.7634270912560511, 0.955768450114592, 0.2306487912574299, 0.5603390439928512, 0.9193384286195723, 0.3825341249780423, 0.5080239733269742, 0.8534968373071158, 0.4677698728777435, 0.9615313758354012, 0.4904435769800836, 0.946849873544115, 0.7827003694860809, 0.46073370094628346, 0.5469793907923087, 0.5796434254866445, 0.44230077093252473, 0.9555964292175694, 0.0718212268301072, 0.3069534841194205, 0.39703867084062794, 0.7709428701743146, 1.0038190557491884, 0.7784686270950842, 0.9276343037465914, 0.8501533225993446, 1.0314437358754935, 0.8108589303061992], [0.6641551772066936, 0.976962438654626, 0.625834835549395, 0.528048272529282, 0.34032674908234417, 0.3759433488740969, 0.9675173553110777, 0.9199961815279191, 0.9237611414128832, 0.10685824716104599, 0.2372128330973512, 0.8096306802089065, 0.6465577549223639, 0.0, 0.8865168862558184, 0.286232323709274, 0.8926238001111118, 0.924424508159089, 0.6662074646329673, 0.9139218101270806, 0.840903904355016, 0.5100737919057925, 0.9006494027623896, 0.8805824101467925, 0.6254918328499992, 0.3842957826650868, 0.9340584743477557, 0.6546844085612579, 0.9097846995887232, 0.7635633305583936, 0.954211079829955, 0.8972727309337694, 0.8969266954196918, 0.9008625228768843, 0.6266485115677805, 0.5668843508365768, 0.7058025567770382, 0.4231770236430085, 0.2921268481488427, 0.46679477586927093, 0.3392724934253846, 0.42354079328617134, 0.9905711259617145, 0.7956337273696602, 0.30081319175174986, 0.26378089274971644, 0.05679727905010882, 0.7196130887138142, 0.9069669813425165, 0.4542669642205057, 0.705971640191911, 0.38145844806361, 0.2722596587454835, 0.802483755656767, 0.48694905291564317, 0.8485688207045636, 0.33542526304266723, 0.9099742234141094, 0.662512841607643, 0.4622367307104739, 0.44246204006145246, 0.1866435035087328, 0.3924952769897192, 0.9122916864750954, 0.9013694999273414, 0.6070999842947974, 0.3142234832695096, 0.8817701244625987, 0.7874949745906784, 0.49334824907542085, 0.12789906502772505, 0.4519958252007937, 0.9052090322862761, 0.5115224699623028, 0.4607263036922913, 0.9365436310280856, 0.4399158037050596, 0.3839899580374476, 0.1493629017070309, 0.9653009513117701, 0.9270647797700735, 0.6748046858840783, 0.9222161974150013, 0.4325926082434962, 0.2515205065934386, 0.2514254244759508, 0.257875405688437, 0.1969918563408106, 0.2959450653923623, 0.488834672807384, 0.5876027566107698, 0.830874716817354, 0.330548287228091, 0.1690096384039219, 0.5647837987941238, 0.9171042279749415, 0.9457599367910925, 0.9007911361966938, 0.5836232457626583, 0.19732180969255567], [0.295840243995717, 0.1800243636144069, 0.4674279134167245, 0.5776979907439452, 1.1097183556581298, 0.6510110582095665, 0.27697620097596537, 0.5543681681760012, 0.3392396899516341, 0.8721212932595477, 0.8176475856823641, 0.07728389496360047, 0.963242055827589, 0.8865168862558184, 0.0, 1.080068750290143, 0.37846490221917223, 0.4325028330106436, 0.29597517212601926, 0.6958905421446056, 0.8182438960293662, 0.49687962788907925, 0.46209972528256205, 0.7134971097297109, 0.38644123994472, 0.9997139120322631, 0.5617287227993186, 0.9204671324954443, 0.6763720100495428, 0.12340545321116385, 0.09345307040233221, 0.49804046530540896, 0.011760119156812418, 0.8076054221162876, 0.3487330897838788, 0.9624785028756075, 0.9328074596137979, 1.045976482411573, 0.7565974778364364, 0.9853404967043421, 1.0460690927123746, 0.9232445702450913, 0.3012508249843224, 0.8756792446564938, 1.013283527028878, 0.7438050116554887, 0.8485826192572212, 0.28746997124233986, 0.29741030539654756, 1.0184660117862292, 0.18321789317475765, 0.9765501681280928, 0.9540940943333244, 0.13376224734376388, 0.9946603401890175, 0.7810281553353486, 1.0909360334435552, 0.861921431532499, 0.9411668701836182, 0.5308097272176613, 1.0790366115176855, 0.7582124426853981, 0.8908805419529371, 0.26642744912401317, 0.9317041464105494, 0.9195454916482747, 0.972432737411878, 0.08574355766492614, 0.7460773729832135, 0.5330245285237736, 0.9355760358595643, 1.0555300741242772, 0.3126941148173692, 0.5489587279992001, 1.0022437496802976, 0.6279119360661971, 0.6052714220186735, 1.0720049499413196, 0.9127435530639973, 0.26801608681767086, 0.7397759616188863, 0.31453511169109793, 0.7017818927610918, 0.6586254764163301, 0.7046745455552114, 1.0016708926042346, 1.0770772212522648, 1.040775686904134, 1.034289346036479, 0.5834710845878526, 0.9019714359525235, 0.8180914307954782, 1.0289220934833514, 0.8055855489856454, 0.539965897269666, 0.3065981285101868, 0.13724844458459998, 0.18501345790197665, 0.5557072526519686, 0.8252783324845578], [0.9039411764134003, 1.1338453064153633, 0.8952787749394668, 0.807695581196397, 0.05640284947243573, 0.6580027238162747, 1.0972440256874159, 0.9652875911312084, 1.0336377661967084, 0.385803410371968, 0.5207553373325787, 1.0033728223678582, 0.5118793457541548, 0.286232323709274, 1.080068750290143, 0.0, 0.9902253132959113, 1.0074387323951266, 0.906338733585415, 0.9120586208552905, 0.7881157165431146, 0.7774785625804461, 0.9735958713894841, 0.8696278268848467, 0.8816025456093761, 0.2002035076066225, 0.9780498758027016, 0.5412136803141631, 0.9141827033598561, 0.9626771574085848, 1.1323690522180447, 0.9589708972787375, 1.08906780230588, 0.8585092866094021, 0.8745661346151968, 0.4237878691079461, 0.5920241717993943, 0.20869056448812495, 0.578344245519077, 0.3003654810388203, 0.10778841056859247, 0.29830949966485915, 1.1158038098077139, 0.715806813765738, 0.10136870056773616, 0.5496439540012688, 0.3426527099981831, 0.963520099880355, 1.0278178687981283, 0.26425154229116493, 0.911530841263035, 0.21626784982265918, 0.14555505632850518, 1.0197945384067781, 0.3166398451603356, 0.8104199590650679, 0.0610279758434799, 0.849134592256955, 0.5401120875775851, 0.731600149328632, 0.20940104949435495, 0.4704306331848969, 0.2935913558419566, 1.041680704458751, 0.8137143035407504, 0.48995832059857425, 0.1566153571098556, 1.0562641167424693, 0.757793047832547, 0.7658353628872959, 0.16843443962960014, 0.23666458267497997, 1.0218043363246625, 0.7873657263749823, 0.2824542933669445, 0.959443689821281, 0.719601246565394, 0.14077002923409965, 0.17518775296464575, 1.097266853942756, 0.9114823163338021, 0.9204540985894161, 0.9191426424732791, 0.7168775733922345, 0.5324153440345574, 0.08161714272473962, 0.040964668269447196, 0.10148945019885751, 0.072064487981632, 0.767954836774871, 0.47809375902934886, 0.7771351600311952, 0.11495561627088312, 0.4551383375647122, 0.8414009269895617, 1.0357631691253206, 1.1104514701040444, 1.0510995805851704, 0.8622432474052757, 0.48108194295301143], [0.5645015948956964, 0.2574493728255165, 0.7373450096010702, 0.8068347214534457, 1.001534409659775, 0.8123543090667125, 0.15138932307292813, 0.17771624644115863, 0.05798332611493219, 0.9232249578383752, 0.9243158169410073, 0.3635523714103473, 0.7044825426353429, 0.8926238001111118, 0.37846490221917223, 0.9902253132959113, 0.0, 0.056835437543220194, 0.5663381689130375, 0.3280667969473737, 0.4791263302181689, 0.708674263415763, 0.084786524027693, 0.35470922601991234, 0.6489194171783811, 0.8490665037944481, 0.18391054336888182, 0.6543687576257314, 0.30808810555246374, 0.3838783889416647, 0.3348981823047069, 0.1227208139583177, 0.3752891771941746, 0.45147351164623684, 0.6039922998828602, 0.7339444186776874, 0.6493009372530524, 0.8858454377018272, 0.8863026052585887, 0.7990111051869571, 0.9221912534567457, 0.7496914421856508, 0.15353959356140628, 0.5559368663790394, 0.9004326771442395, 0.8596155284037567, 0.8760438388417865, 0.5925642213846559, 0.08774666917529818, 0.8412984715670797, 0.4128049107734644, 0.8244590032594372, 0.8461643314801501, 0.47011039717417497, 0.8012379421425684, 0.43642831476111543, 0.9795590605937329, 0.5086677797192388, 0.6741760704484155, 0.7201396167354313, 0.9167846709340322, 0.8361581374832135, 0.7294576646849419, 0.12128660528252908, 0.5877874809745177, 0.6714857251494287, 0.8482833212174545, 0.29321879451194693, 0.4186210331249929, 0.7412498961668758, 0.8889125397426046, 0.8849860880327658, 0.0716096255514261, 0.7686373905526164, 0.8203361406856838, 0.25226412256087033, 0.7941385638754227, 0.933615818168239, 0.8552924370666223, 0.15764695045754043, 0.37243612988622954, 0.5957229721075956, 0.33271618533451314, 0.8475491072470228, 0.8070894307083606, 0.908939149934586, 1.0017495490341528, 0.9869166613815316, 0.9275899969152003, 0.7946645774874674, 0.6602213110590558, 0.4819542097656576, 0.9056653224609077, 0.882225027437059, 0.7844824120685548, 0.08388006404846132, 0.273780086172792, 0.19871989180662833, 0.8086629901140765, 0.9151758746655905], [0.6206319914274564, 0.3009378306896522, 0.7927007251537789, 0.8598918138299059, 1.015725033410414, 0.8607962072505531, 0.1877753517233936, 0.1311129593194716, 0.09766595202792573, 0.9600014247057495, 0.9669143020650005, 0.4199550843684555, 0.6935296993539737, 0.924424508159089, 0.4325028330106436, 1.0074387323951266, 0.056835437543220194, 0.0, 0.6225001995907764, 0.2863604506088011, 0.44846071127532533, 0.761433419773729, 0.045336530624667234, 0.31783865314636817, 0.7044141212280479, 0.858034050447612, 0.13467528393228012, 0.642499193655356, 0.26647955138500584, 0.4407098509119341, 0.383966775906283, 0.08224936583893801, 0.42881438565382124, 0.4140856722941709, 0.6595027552044185, 0.729435666052819, 0.6330211300509603, 0.8925934821258928, 0.9314093916560209, 0.80212348414152, 0.9347552217527391, 0.7560951461776936, 0.1822407283266455, 0.5306919406836977, 0.915099426955652, 0.9037139408216959, 0.9106467167469642, 0.6492713381177826, 0.1366134304833963, 0.8455217988644219, 0.4692701032325734, 0.8335430867251588, 0.8624041184721576, 0.5266609488968106, 0.8029259295763385, 0.40441795711285683, 0.993481074521627, 0.471764742393965, 0.6617230954767515, 0.7714405581676425, 0.9227449203684411, 0.8768260998968305, 0.7385085446209003, 0.16970524031083328, 0.5536551372828972, 0.6636743414128476, 0.8618285527247052, 0.34689980494692263, 0.39385668983870237, 0.7935368813419091, 0.9137650043790324, 0.8898389066723142, 0.12065610317919212, 0.8213942683402792, 0.823969806725571, 0.2052669929265579, 0.8447542157410562, 0.9435788175047474, 0.8790844173487474, 0.19548561323751032, 0.33027349760642133, 0.6520049624690972, 0.2900688529609916, 0.8977549341850957, 0.8505175575927264, 0.9266968201477929, 1.0210508055265113, 1.0095396054103483, 0.942895484544631, 0.8467339859695673, 0.6541059014494689, 0.452374523089385, 0.9185485146826369, 0.9222230185154434, 0.8384885897498303, 0.1295251370932735, 0.3218995774799602, 0.25013904748504284, 0.8629709939008249, 0.9561928791883969], [0.0028193302060195136, 0.46104149255050936, 0.17785521382158026, 0.28172686173356976, 0.9466330770136073, 0.36826729464228997, 0.5267498114985016, 0.7140040947940564, 0.5518859770686632, 0.6268437794126719, 0.5481888707594026, 0.24255864351087897, 0.9351405476070263, 0.6662074646329673, 0.29597517212601926, 0.906338733585415, 0.5663381689130375, 0.6225001995907764, 0.0, 0.8211451324874315, 0.8892592351359976, 0.20530340312469555, 0.634430824486364, 0.8220247082463127, 0.09157365223021606, 0.8771185705400724, 0.725481562299609, 0.9036760409671265, 0.8043944583338428, 0.19969580927545277, 0.3882161017698575, 0.6607201886003473, 0.30764773742706175, 0.9029512077858194, 0.053344933688552636, 0.9073244725265512, 0.9314285666782652, 0.9264812550493827, 0.4805790303565066, 0.8923676345167052, 0.8991883585025023, 0.8267194310380991, 0.5543753508816378, 0.9180201050885598, 0.8611887080024394, 0.4747442661998317, 0.6187380579532279, 0.05899405331430738, 0.512329721287986, 0.9148904935972193, 0.15473504339922944, 0.8573541344484937, 0.8040502430562798, 0.1679841170861766, 0.9065495132107622, 0.8628526533119141, 0.9314768616874478, 0.9482843544841942, 0.9230158824046503, 0.2451532284425146, 0.9584078962906135, 0.5075051124723905, 0.7886587082962047, 0.49221170427470384, 0.9990467560472137, 0.8863210010402904, 0.8324773373017735, 0.34587671236979856, 0.8118815363217282, 0.24071924934031913, 0.7445849981801886, 0.9433665930795004, 0.5228308318670649, 0.2538957385144863, 0.9040201237087467, 0.7774005508181725, 0.3153566270363849, 0.9337423522551176, 0.7312685678894095, 0.5192756297400881, 0.8601153310530874, 0.030724599808764155, 0.8288905695437384, 0.3668548775258028, 0.4455863797520449, 0.8362260099012028, 0.8937161724785259, 0.8458667459671609, 0.8759546275251409, 0.28903263918927347, 0.8651489809455337, 0.8854498246841163, 0.8830486669726411, 0.5515911687245947, 0.24464695072561196, 0.5243219515054609, 0.41751510402446906, 0.4269655475324901, 0.26215413086633577, 0.5631794576051391], [0.8187507130416661, 0.5850330781540285, 0.9711544874947114, 1.007497762025142, 0.9046299145679931, 0.9661151180931203, 0.4739393212847211, 0.15617500853287258, 0.3817157610740916, 0.9780782885567322, 1.0233926225155068, 0.6653970990111557, 0.4860668025865889, 0.9139218101270806, 0.6958905421446056, 0.9120586208552905, 0.3280667969473737, 0.2863604506088011, 0.8211451324874315, 0.0, 0.18362895966453802, 0.910119626482986, 0.24484607895965768, 0.04774345270430812, 0.8882951236490574, 0.7296366750308272, 0.1562687488906997, 0.4351267653320143, 0.019986396814616288, 0.6722311493700811, 0.6618561239311384, 0.20609608463025253, 0.6945018266486525, 0.13154364134155086, 0.8455556139615904, 0.5472502358076576, 0.4080244404465763, 0.7514943325041191, 1.007591378422291, 0.6494992888878882, 0.8195538346087635, 0.6225739640521427, 0.4681649042662917, 0.2787513405023916, 0.8115288068511421, 0.9738572764565981, 0.9178172282500718, 0.8611338623491944, 0.4158132558776602, 0.6952893443333038, 0.6820715343310211, 0.7073044923443159, 0.7700995501656273, 0.7659307052764338, 0.6436360146242719, 0.1392573496013029, 0.8820757983934796, 0.18880171281443445, 0.45031525352584956, 0.9056758844807979, 0.7763224900265275, 0.9246457610767578, 0.6194421479382465, 0.4493316008581965, 0.27431291630856436, 0.47215386517610053, 0.7558393852382048, 0.6133375425914195, 0.16424251388650582, 0.9360265173742296, 0.8641348108210425, 0.7399824197853323, 0.3996658591772977, 0.9673872505478289, 0.6723341365831018, 0.08798601497873362, 0.9693002930257177, 0.8151590970568635, 0.8257606582261608, 0.48143294532396735, 0.044388553809816815, 0.8518697322796961, 0.008696659738369882, 1.0163678821781719, 0.9187132424464263, 0.8383107195870629, 0.935873609913027, 0.9425947437797765, 0.8410199547201899, 0.9847722833279251, 0.47106065997364543, 0.19117909071834704, 0.805823530806802, 0.9631246666737855, 0.9975357973625225, 0.4113550416404194, 0.6014619536457886, 0.5245915845184931, 1.024809050288974, 1.0022500874398106], [0.88